    0.0700    69.0000    19.6000
    0.1200    68.6000    26.2000
    0.1797    75.0000     4.0000
    0.1993    75.0000     5.0000
    0.2000    72.9000    29.6000
    0.2700    77.0000    14.0000
    0.2800    88.8000    36.6000
    0.3500    82.7000     8.4000
    0.3519    83.0000    14.0000
    0.3802    83.0000    13.5000
    0.4000    95.0000    17.0000
    0.4004    77.0000    10.2000
    0.4247    87.1000    11.2000
    0.4497    92.8000    12.9000
    0.4700    89.0000    34.0000
    0.4783    80.9000     9.0000
    0.4800    97.0000    62.0000
    0.5929   104.0000    13.0000
    0.6797    92.0000     8.0000
    0.7500    98.8000    33.6000
    0.7812   105.0000    12.0000
    0.8754   125.0000    17.0000
    0.8800    90.0000    40.0000
    0.9000   117.0000    23.0000
    1.0370   154.0000    20.0000
    1.3000   168.0000    17.0000
    1.3630   160.0000    33.6000
    1.4300   177.0000    18.0000
    1.5260   148.1100    12.7100
    1.7500   202.0000    40.0000
    1.9650   186.5000    50.4000
