0.4400    82.6000     7.8000
0.6000    97.3000     2.1000
0.7300    97.3000     7.0000
0.3500    84.4000     7.0000
0.5700    92.9000     7.8000
0.3800    81.5000     1.9000
0.5100    90.4000     1.9000
0.6100    97.3000     2.1000
0.1000    69.0000    12.0000
0.1700    83.0000     8.0000
0.3000    81.7000     6.2200
0.3100    78.1700     4.7400
0.3400    83.8000     3.6600
0.3600    79.9300     3.3900
0.4000    82.0400     2.0300
0.4400    84.8100     1.8300
0.4800    87.7900     2.0300
0.5200    94.3500     2.6500
0.5600    93.3300     2.3200
0.5900    98.4800     3.1900
0.6400    98.8200     2.9900