# z, mu_obs, sigma_mu, mu_model, residual
0.001220 28.998700 1.516450 28.499809 0.498891
0.001220 29.055900 1.517470 28.499809 0.556091
0.002560 30.723300 0.782372 30.112123 0.611177
0.002560 30.744900 0.799068 30.112123 0.632777
0.002990 30.775700 0.881212 30.450212 0.325488
0.003170 30.794600 0.614535 30.577542 0.217058
0.003310 30.460400 0.594683 30.671689 -0.211289
0.003310 30.552800 0.580251 30.671689 -0.118889
0.003310 30.401300 0.578445 30.671689 -0.270389
0.003310 30.510700 0.578546 30.671689 -0.160989
0.003330 31.501100 0.591006 30.684814 0.816286
0.003490 31.793300 0.552720 30.787066 1.006234
0.003490 31.496700 0.545492 30.787066 0.709634
0.003590 31.696900 0.550993 30.848628 0.848272
0.003840 30.999900 0.566505 30.995353 0.004547
0.004070 31.393300 0.476404 31.122167 0.271133
0.004070 31.377900 0.479276 31.122167 0.255733
0.004320 31.499000 0.514259 31.252154 0.246846
0.004320 31.561100 0.530838 31.252154 0.308946
0.004650 31.930900 0.442017 31.412714 0.518186
0.004650 32.033000 0.420403 31.412714 0.620286
0.004820 31.247600 0.558603 31.491052 -0.243452
0.004830 31.133100 0.446882 31.495574 -0.362474
0.004830 31.652500 0.564724 31.495574 0.156926
0.004830 31.223400 0.410577 31.495574 -0.272174
0.004830 31.340000 0.562589 31.495574 -0.155574
0.004830 31.763500 0.574442 31.495574 0.267926
0.004880 31.447300 0.448264 31.518046 -0.070746
0.004880 31.539000 0.407028 31.518046 0.020954
0.005380 31.651200 0.514401 31.730938 -0.079738
0.005480 31.728200 0.501431 31.771146 -0.042946
0.005700 31.911700 0.469628 31.857093 0.054607
0.005700 31.898500 0.483668 31.857093 0.041407
0.005710 31.679900 0.375913 31.860920 -0.181020
0.005710 31.629200 0.385756 31.860920 -0.231720
0.005870 31.740300 0.491367 31.921276 -0.180976
0.005880 32.182200 0.339643 31.924994 0.257206
0.005920 32.468500 0.487055 31.939802 0.528698
0.006020 31.940400 0.344335 31.976392 -0.035992
0.006020 32.066600 0.343707 31.976392 0.090208
0.006020 31.910200 0.350249 31.976392 -0.066192
0.006160 30.907900 0.524992 32.026615 -1.118715
0.006160 31.185700 0.452235 32.026615 -0.840915
0.006250 32.066700 0.325930 32.058306 0.008394
0.006250 32.002300 0.361560 32.058306 -0.056006
0.006250 32.099900 0.322811 32.058306 0.041594
0.006250 32.033700 0.339166 32.058306 -0.024606
0.006300 32.075400 0.533991 32.075717 -0.000317
0.006300 32.084300 0.537335 32.075717 0.008583
0.006300 32.020300 0.538159 32.075717 -0.055417
0.006310 32.833300 0.562902 32.079182 0.754118
0.006340 32.400100 0.482567 32.089546 0.310554
0.006480 32.460800 0.318474 32.137277 0.323523
0.006480 32.433800 0.322290 32.137277 0.296523
0.006650 31.732100 0.531169 32.193877 -0.461777
0.006680 31.221700 0.420706 32.203716 -0.982016
0.006730 32.359300 0.359446 32.220017 0.139283
0.006760 31.973300 0.415464 32.229740 -0.256440
0.006770 32.195100 0.340530 32.232971 -0.037871
0.006770 32.172900 0.371125 32.232971 -0.060071
0.006770 32.204800 0.347950 32.232971 -0.028171
0.006920 32.440500 0.439634 32.280882 0.159618
0.007100 32.319300 0.325586 32.337032 -0.017732
0.007100 32.332700 0.348317 32.337032 -0.004332
0.007100 32.322100 0.322655 32.337032 -0.014932
0.007190 32.442300 0.300309 32.364578 0.077722
0.007190 32.464200 0.300269 32.364578 0.099622
0.007470 32.794300 0.289134 32.448141 0.346159
0.007470 32.742300 0.294759 32.448141 0.294159
0.007470 32.768500 0.292411 32.448141 0.320359
0.007500 32.331200 0.373843 32.456909 -0.125709
0.007500 32.299800 0.396652 32.456909 -0.157109
0.007950 32.641800 0.362719 32.584408 0.057392
0.008140 32.716400 0.317031 32.636103 0.080297
0.008140 32.615100 0.317457 32.636103 -0.021003
0.008140 32.709200 0.367554 32.636103 0.073097
0.008150 32.371100 0.371926 32.638791 -0.267691
0.008150 32.743400 0.280148 32.638791 0.104609
0.008150 32.670700 0.286975 32.638791 0.031909
0.008170 32.445500 0.490787 32.644156 -0.198656
0.008180 32.484000 0.342662 32.646834 -0.162834
0.008210 33.213800 0.462834 32.654848 0.558952
0.008380 32.521000 0.465611 32.699719 -0.178719
0.008380 32.692200 0.484865 32.699719 -0.007519
0.008550 32.692800 0.359218 32.743695 -0.050895
0.008550 32.852000 0.318032 32.743695 0.108305
0.008570 32.752700 0.267580 32.748812 0.003888
0.008610 32.722300 0.383433 32.759009 -0.036709
0.008630 32.374400 0.338325 32.764091 -0.389691
0.008630 32.394500 0.331296 32.764091 -0.369591
0.008630 32.335000 0.337879 32.764091 -0.429091
0.008640 32.419800 0.425219 32.766627 -0.346827
0.008830 32.861600 0.327035 32.814271 0.047329
0.009060 32.799000 0.368859 32.870603 -0.071603
0.009060 32.749800 0.409525 32.870603 -0.120803
0.009250 32.891400 0.286425 32.916080 -0.024680
0.009250 32.897300 0.282867 32.916080 -0.018780
0.009250 32.915900 0.285505 32.916080 -0.000180
0.009350 32.335300 0.401367 32.939645 -0.604345
0.009540 33.039900 0.268981 32.983737 0.056163
0.009540 33.213500 0.253629 32.983737 0.229763
0.009540 33.230900 0.251906 32.983737 0.247163
0.009540 33.246900 0.254885 32.983737 0.263163
0.009570 32.901000 0.309548 32.990620 -0.089620
0.009570 32.865400 0.334488 32.990620 -0.125220
0.009660 32.802900 0.357890 33.011139 -0.208239
0.009660 32.916500 0.372831 33.011139 -0.094639
0.009930 33.475300 0.372879 33.071580 0.403720
0.009960 32.645700 0.409088 33.078195 -0.432495
0.009960 32.745800 0.360296 33.078195 -0.332395
0.009960 32.901500 0.334006 33.078195 -0.176695
0.010160 32.779400 0.348547 33.121797 -0.342397
0.010170 32.918200 0.365223 33.123955 -0.205755
0.010170 32.967400 0.341878 33.123955 -0.156555
0.010260 33.337800 0.306294 33.143280 0.194520
0.010260 33.225300 0.299086 33.143280 0.082020
0.010280 33.278800 0.247952 33.147552 0.131248
0.010420 33.123600 0.317227 33.177226 -0.053626
0.010440 33.086900 0.343916 33.181433 -0.094533
0.010610 33.380600 0.309009 33.216873 0.163727
0.010610 33.293100 0.274570 33.216873 0.076227
0.010730 33.108100 0.364668 33.241552 -0.133452
0.010790 33.068300 0.324016 33.253790 -0.185490
0.010790 33.180900 0.377969 33.253790 -0.072890
0.010960 33.570900 0.314858 33.288101 0.282799
0.011140 33.733700 0.342487 33.323860 0.409840
0.011140 33.636900 0.295220 33.323860 0.313040
0.011220 33.834700 0.353909 33.339570 0.495130
0.011220 33.433600 0.283424 33.339570 0.094030
0.011220 33.494700 0.325172 33.339570 0.155130
0.011550 33.583300 0.281169 33.403066 0.180234
0.011950 33.497400 0.301502 33.477531 0.019869
0.012130 33.878300 0.346381 33.510243 0.368057
0.012200 33.702300 0.266666 33.522836 0.179464
0.012330 33.740300 0.254135 33.546034 0.194266
0.012460 33.828600 0.265115 33.568994 0.259606
0.012580 33.708000 0.240760 33.589979 0.118021
0.012580 33.724600 0.250097 33.589979 0.134621
0.012590 33.587400 0.260060 33.591718 -0.004318
0.012590 33.517800 0.266190 33.591718 -0.073918
0.012790 33.749200 0.416658 33.626233 0.122967
0.012830 33.636500 0.287379 33.633072 0.003428
0.012830 33.502800 0.331124 33.633072 -0.130272
0.013030 33.735500 0.239783 33.666956 0.068544
0.013030 33.760700 0.287220 33.666956 0.093744
0.013040 33.575200 0.292564 33.668637 -0.093437
0.013040 33.567300 0.284786 33.668637 -0.101337
0.013120 33.520000 0.273536 33.682037 -0.162037
0.013120 33.471700 0.261601 33.682037 -0.210337
0.013250 33.968200 0.303693 33.703642 0.264558
0.013250 33.984600 0.299399 33.703642 0.280958
0.013250 33.924700 0.304606 33.703642 0.221058
0.013750 33.797000 0.277855 33.784841 0.012159
0.013750 33.768300 0.232778 33.784841 -0.016541
0.013750 33.772000 0.235755 33.784841 -0.012841
0.013760 33.764900 0.288791 33.786436 -0.021536
0.013860 33.674100 0.345367 33.802315 -0.128215
0.013880 33.696800 0.233531 33.805478 -0.108678
0.013890 33.805300 0.288803 33.807057 -0.001757
0.013890 33.665100 0.296207 33.807057 -0.141957
0.014110 33.820600 0.250873 33.841527 -0.020927
0.014240 33.844400 0.265489 33.861648 -0.017248
0.014420 34.018700 0.307194 33.889212 0.129488
0.014420 34.024900 0.352338 33.889212 0.135688
0.014420 34.336600 0.370715 33.889212 0.447388
0.014420 34.178100 0.396908 33.889212 0.288888
0.014420 34.252000 0.397235 33.889212 0.362788
0.014460 33.907800 0.240515 33.895291 0.012509
0.014500 34.172700 0.365029 33.901354 0.271346
0.014530 33.752600 0.216300 33.905890 -0.153290
0.014600 33.882600 0.249316 33.916439 -0.033839
0.014620 33.925300 0.243928 33.919444 0.005856
0.014630 33.755300 0.390506 33.920945 -0.165645
0.014630 33.718900 0.392820 33.920945 -0.202045
0.014670 33.891600 0.240694 33.926939 -0.035339
0.014720 33.789400 0.397352 33.934409 -0.145009
0.014840 34.010900 0.270222 33.952235 0.058665
0.014920 34.190200 0.372674 33.964040 0.226160
0.014930 33.852400 0.277558 33.965511 -0.113111
0.014990 33.974000 0.229564 33.974319 -0.000319
0.014990 33.926100 0.231708 33.974319 -0.048219
0.015150 33.887700 0.294985 33.997638 -0.109938
0.015190 34.179300 0.266770 34.003429 0.175871
0.015250 33.770600 0.302190 34.012089 -0.241489
0.015290 34.033400 0.344305 34.017844 0.015556
0.015420 34.342600 0.372888 34.036445 0.306155
0.015430 34.074400 0.314862 34.037869 0.036531
0.015460 34.033100 0.226465 34.042137 -0.009037
0.015490 34.273200 0.340360 34.046397 0.226803
0.015500 34.258100 0.272528 34.047815 0.210285
0.015500 34.211200 0.258071 34.047815 0.163385
0.015500 33.999400 0.286320 34.047815 -0.048415
0.015500 33.885200 0.313932 34.047815 -0.162615
0.015570 33.790200 0.290577 34.057717 -0.267517
0.015570 33.807200 0.290395 34.057717 -0.250517
0.015620 34.173200 0.264363 34.064763 0.108437
0.015620 34.130200 0.334310 34.064763 0.065437
0.015650 34.331700 0.278713 34.068980 0.262720
0.015760 34.165700 0.286880 34.084375 0.081325
0.015780 33.998600 0.219937 34.087162 -0.088562
0.015780 34.069700 0.290382 34.087162 -0.017462
0.015810 33.992600 0.239289 34.091337 -0.098737
0.015810 33.900400 0.218994 34.091337 -0.190937
0.015870 34.391600 0.270341 34.099664 0.291936
0.015880 34.028700 0.224824 34.101049 -0.072349
0.015900 34.166300 0.242893 34.103816 0.062484
0.015900 34.132300 0.209471 34.103816 0.028484
0.015900 34.032900 0.272511 34.103816 -0.070916
0.016030 34.106200 0.281582 34.121719 -0.015519
0.016520 34.413700 0.346370 34.187942 0.225758
0.016520 33.999900 0.334729 34.187942 -0.188042
0.016560 34.160800 0.218117 34.193262 -0.032462
0.016570 33.972600 0.415280 34.194590 -0.221990
0.016620 34.279300 0.261916 34.201220 0.078080
0.016660 34.340800 0.198023 34.206509 0.134291
0.016710 33.898500 0.245383 34.213103 -0.314603
0.016780 34.167900 0.246475 34.222302 -0.054402
0.016820 34.464900 0.358327 34.227542 0.237358
0.016820 34.534100 0.341619 34.227542 0.306558
0.016820 33.967300 0.284408 34.227542 -0.260242
0.016900 33.841000 0.289311 34.237985 -0.396985
0.016900 33.897500 0.264562 34.237985 -0.340485
0.016920 34.489400 0.310314 34.240588 0.248812
0.016980 34.340900 0.228387 34.248379 0.092521
0.016990 34.075500 0.297815 34.249675 -0.174175
0.017050 34.197300 0.214463 34.257435 -0.060135
0.017180 34.022000 0.308995 34.274157 -0.252157
0.017180 34.200300 0.325329 34.274157 -0.073857
0.017200 34.608400 0.219814 34.276719 0.331681
0.017300 34.143600 0.282690 34.289483 -0.145883
0.017300 34.151700 0.257136 34.289483 -0.137783
0.017330 34.400900 0.221698 34.293298 0.107602
0.017330 34.510100 0.231239 34.293298 0.216802
0.017340 34.361000 0.220285 34.294568 0.066432
0.017370 34.310000 0.263557 34.298375 0.011625
0.017370 34.266900 0.262425 34.298375 -0.031475
0.017430 33.779900 0.330633 34.305968 -0.526068
0.017470 34.322800 0.200241 34.311017 0.011783
0.017470 34.313300 0.197820 34.311017 0.002283
0.017520 34.146500 0.231417 34.317311 -0.170811
0.017760 34.222100 0.320412 34.347281 -0.125181
0.017780 34.336400 0.210115 34.349761 -0.013361
0.017780 34.246400 0.213428 34.349761 -0.103361
0.017840 34.293900 0.246602 34.357183 -0.063283
0.017840 34.241800 0.222870 34.357183 -0.115383
0.017900 34.297500 0.318912 34.364581 -0.067081
0.018020 34.266100 0.234211 34.379304 -0.113204
0.018080 34.607800 0.201470 34.386630 0.221170
0.018260 34.979200 0.218480 34.408465 0.570735
0.018260 34.200500 0.280568 34.408465 -0.207965
0.018390 34.439300 0.226901 34.424103 0.015197
0.018550 34.492000 0.255362 34.443203 0.048797
0.018550 34.576000 0.296243 34.443203 0.132797
0.018650 34.617100 0.238984 34.455059 0.162041
0.018650 34.571600 0.239989 34.455059 0.116541
0.018660 34.606600 0.277471 34.456241 0.150359
0.018750 34.546600 0.215514 34.466852 0.079748
0.018750 34.486600 0.321023 34.466852 0.019748
0.019050 34.428600 0.281407 34.501866 -0.073266
0.019470 34.774700 0.195403 34.549989 0.224711
0.019470 34.808500 0.195531 34.549989 0.258511
0.019750 34.757000 0.466611 34.581510 0.175490
0.019750 34.739400 0.433516 34.581510 0.157890
0.019760 34.686500 0.406241 34.582627 0.103873
0.019950 34.364800 0.295725 34.603758 -0.238958
0.020010 34.685400 0.204275 34.610390 0.075010
0.020060 34.512100 0.199486 34.615901 -0.103801
0.020190 34.507200 0.233893 34.630169 -0.122969
0.020190 34.702000 0.192460 34.630169 0.071831
0.020230 34.599500 0.188309 34.634541 -0.035041
0.020230 34.501200 0.295566 34.634541 -0.133341
0.020230 34.576000 0.189903 34.634541 -0.058541
0.020230 34.648200 0.187832 34.634541 0.013659
0.020240 34.998800 0.187715 34.635633 0.363167
0.020340 34.816500 0.241825 34.646521 0.169979
0.020340 34.574900 0.375822 34.646521 -0.071621
0.020350 34.570900 0.187708 34.647607 -0.076707
0.020350 34.565600 0.177716 34.647607 -0.082007
0.020350 34.493100 0.190750 34.647607 -0.154507
0.020440 34.655200 0.214591 34.657356 -0.002156
0.020490 35.126300 0.375783 34.662755 0.463545
0.020520 34.556000 0.333904 34.665988 -0.109988
0.020560 34.416800 0.217156 34.670291 -0.253491
0.020560 34.564700 0.249505 34.670291 -0.105591
0.020810 34.486300 0.330445 34.697002 -0.210702
0.020820 34.674000 0.230899 34.698064 -0.024064
0.020820 34.634900 0.254511 34.698064 -0.063164
0.020900 34.811800 0.300223 34.706542 0.105258
0.020960 34.695600 0.216494 34.712879 -0.017279
0.021060 34.669300 0.230687 34.723402 -0.054102
0.021160 34.375000 0.203089 34.733876 -0.358876
0.021160 34.819400 0.196425 34.733876 0.085524
0.021180 35.118000 0.310686 34.735965 0.382035
0.021180 35.205600 0.304103 34.735965 0.469635
0.021310 34.756100 0.180584 34.749497 0.006603
0.021310 34.734400 0.177177 34.749497 -0.015097
0.021310 34.741900 0.187753 34.749497 -0.007597
0.021340 34.762700 0.339971 34.752608 0.010092
0.021370 34.346800 0.199010 34.755715 -0.408915
0.021510 34.589900 0.199177 34.770158 -0.180258
0.021530 34.611400 0.393324 34.772214 -0.160814
0.021700 34.770900 0.195863 34.789613 -0.018713
0.021830 34.758300 0.283448 34.802828 -0.044528
0.021830 34.774200 0.253646 34.802828 -0.028628
0.021970 34.858900 0.246447 34.816975 0.041925
0.021980 34.965400 0.216973 34.817982 0.147418
0.022030 34.673900 0.247785 34.823011 -0.149111
0.022050 34.747700 0.199095 34.825019 -0.077319
0.022070 34.884700 0.186029 34.827026 0.057674
0.022150 35.048100 0.288632 34.835034 0.213066
0.022190 35.013600 0.216159 34.839028 0.174572
0.022280 34.805900 0.180180 34.847988 -0.042088
0.022280 34.823400 0.258110 34.847988 -0.024588
0.022310 34.924500 0.169837 34.850967 0.073533
0.022340 34.772700 0.199004 34.853942 -0.081242
0.022340 34.870400 0.204479 34.853942 0.016458
0.022360 34.781400 0.224663 34.855923 -0.074523
0.022390 34.771400 0.302654 34.858892 -0.087492
0.022390 34.860300 0.243120 34.858892 0.001408
0.022400 34.759000 0.288719 34.859880 -0.100880
0.022400 34.799700 0.255270 34.859880 -0.060180
0.022410 35.039200 0.214526 34.860869 0.178331
0.022550 34.730600 0.243141 34.874658 -0.144058
0.022660 34.843800 0.220547 34.885435 -0.041635
0.022700 34.869300 0.203300 34.889341 -0.020041
0.022730 34.684900 0.358325 34.892264 -0.207364
0.022950 35.268500 0.304874 34.913471 0.355029
0.022950 34.858400 0.201270 34.913471 -0.055071
0.022980 34.999200 0.267367 34.916347 0.082853
0.022980 34.971200 0.237284 34.916347 0.054853
0.023030 34.985000 0.190740 34.921134 0.063866
0.023070 34.766600 0.340338 34.924955 -0.158355
0.023130 35.022500 0.271221 34.930676 0.091824
0.023160 34.883000 0.274970 34.933531 -0.050531
0.023210 34.916800 0.178524 34.938281 -0.021481
0.023250 35.053700 0.229702 34.942074 0.111626
0.023310 34.647800 0.266962 34.947751 -0.299951
0.023310 34.430100 0.279423 34.947751 -0.517651
0.023420 34.985100 0.282579 34.958123 0.026977
0.023420 35.008100 0.221692 34.958123 0.049977
0.023420 34.978300 0.225403 34.958123 0.020177
0.023430 34.858200 0.260273 34.959064 -0.100864
0.023430 34.858200 0.170636 34.959064 -0.100864
0.023440 34.833100 0.263771 34.960004 -0.126904
0.023520 34.839100 0.215880 34.967511 -0.128411
0.023540 34.999800 0.217718 34.969384 0.030416
0.023570 35.040600 0.206572 34.972191 0.068409
0.023570 34.950900 0.259128 34.972191 -0.021291
0.023570 34.571500 0.261746 34.972191 -0.400691
0.023650 34.954300 0.274039 34.979658 -0.025358
0.023690 34.943000 0.209800 34.983383 -0.040383
0.023880 34.994900 0.180801 35.000992 -0.006092
0.023900 34.889000 0.403697 35.002837 -0.113837
0.023900 34.994000 0.277383 35.002837 -0.008837
0.023910 34.899300 0.190331 35.003759 -0.104459
0.024010 35.101800 0.195014 35.012962 0.088838
0.024110 35.104900 0.310330 35.022126 0.082774
0.024110 34.471100 0.398476 35.022126 -0.551026
0.024120 34.878200 0.224067 35.023041 -0.144841
0.024170 34.942100 0.208286 35.027608 -0.085508
0.024170 35.084000 0.183555 35.027608 0.056392
0.024280 35.180300 0.232251 35.037623 0.142677
0.024290 35.077100 0.195416 35.038531 0.038569
0.024320 34.987100 0.184147 35.041253 -0.054153
0.024320 34.953000 0.198064 35.041253 -0.088253
0.024320 35.231700 0.235205 35.041253 0.190447
0.024340 35.010200 0.201948 35.043067 -0.032867
0.024530 35.008000 0.162015 35.060221 -0.052221
0.024530 35.074600 0.209952 35.060221 0.014379
0.024530 34.949300 0.170871 35.060221 -0.110921
0.024570 35.178400 0.189112 35.063816 0.114584
0.024620 35.106100 0.235556 35.068302 0.037798
0.024620 35.052100 0.231261 35.068302 -0.016202
0.024620 34.889800 0.233972 35.068302 -0.178502
0.024640 34.952800 0.213795 35.070094 -0.117294
0.024640 34.807000 0.182460 35.070094 -0.263094
0.024660 34.811200 0.317595 35.071884 -0.260684
0.024910 35.086200 0.240547 35.094147 -0.007947
0.024940 35.197300 0.228493 35.096803 0.100497
0.025090 35.215200 0.268527 35.110042 0.105158
0.025100 34.836900 0.288042 35.110922 -0.274022
0.025100 34.848200 0.181918 35.110922 -0.262722
0.025100 35.079000 0.205996 35.110922 -0.031922
0.025100 35.009000 0.176889 35.110922 -0.101922
0.025120 35.027600 0.190198 35.112680 -0.085080
0.025130 34.458300 0.333265 35.113559 -0.655259
0.025170 34.911700 0.306484 35.117071 -0.205371
0.025170 35.198900 0.238281 35.117071 0.081829
0.025170 35.227700 0.204374 35.117071 0.110629
0.025190 35.113900 0.155310 35.118825 -0.004925
0.025190 35.114500 0.174825 35.118825 -0.004325
0.025210 34.984200 0.185284 35.120577 -0.136377
0.025250 34.944100 0.240723 35.124078 -0.179978
0.025250 34.906300 0.269066 35.124078 -0.217778
0.025340 35.188200 0.176701 35.131936 0.056264
0.025340 35.197400 0.185937 35.131936 0.065464
0.025560 35.182800 0.233724 35.151031 0.031769
0.025570 35.062100 0.190177 35.151895 -0.089795
0.025850 34.766400 0.344692 35.175959 -0.409559
0.025910 35.118100 0.200181 35.181083 -0.062983
0.025960 35.401400 0.200491 35.185344 0.216056
0.025980 35.293100 0.179545 35.187046 0.106054
0.025980 35.108100 0.198242 35.187046 -0.078946
0.025980 34.835000 0.348314 35.187046 -0.352046
0.025980 35.311100 0.178730 35.187046 0.124054
0.026260 35.285500 0.288909 35.210745 0.074755
0.026260 35.342900 0.323231 35.210745 0.132155
0.026320 35.022300 0.372346 35.215791 -0.193491
0.026690 35.308000 0.179587 35.246667 0.061333
0.026910 35.268800 0.183373 35.264829 0.003971
0.026910 35.289200 0.205883 35.264829 0.024371
0.026950 35.118400 0.181369 35.268116 -0.149716
0.027130 35.251300 0.186760 35.282848 -0.031548
0.027140 35.322400 0.216057 35.283664 0.038736
0.027300 35.289200 0.298907 35.296676 -0.007476
0.027310 35.267300 0.172357 35.297486 -0.030186
0.027310 35.343700 0.230789 35.297486 0.046214
0.027310 35.111800 0.346591 35.297486 -0.185686
0.027310 35.227000 0.261645 35.297486 -0.070486
0.027360 35.313000 0.220137 35.301536 0.011464
0.027400 35.304200 0.352852 35.304770 -0.000570
0.027410 35.523600 0.225337 35.305578 0.218022
0.027480 35.113000 0.172724 35.311226 -0.198226
0.027480 35.153800 0.186856 35.311226 -0.157426
0.027480 35.111700 0.170295 35.311226 -0.199526
0.027730 35.346700 0.289875 35.331282 0.015418
0.028030 35.725800 0.321699 35.355120 0.370680
0.028050 35.130600 0.184771 35.356701 -0.226101
0.028100 35.673900 0.216353 35.360647 0.313253
0.028160 35.361300 0.190628 35.365374 -0.004074
0.028190 35.317400 0.173415 35.367733 -0.050333
0.028200 35.287400 0.292934 35.368519 -0.081119
0.028230 35.506100 0.163093 35.370876 0.135224
0.028230 35.556300 0.160218 35.370876 0.185424
0.028230 35.558000 0.160985 35.370876 0.187124
0.028330 35.266500 0.177545 35.378713 -0.112213
0.028440 35.372000 0.160301 35.387303 -0.015303
0.028440 35.342100 0.156527 35.387303 -0.045203
0.028490 35.104900 0.181734 35.391197 -0.286297
0.028490 35.436800 0.180322 35.391197 0.045603
0.028490 35.291300 0.178243 35.391197 -0.099897
0.028490 35.359000 0.180243 35.391197 -0.032197
0.028490 35.196300 0.366604 35.391197 -0.194897
0.028570 35.599600 0.235009 35.397413 0.202187
0.028580 35.659600 0.251383 35.398189 0.261411
0.028660 35.344900 0.211378 35.404387 -0.059487
0.028660 35.410500 0.201911 35.404387 0.006113
0.028730 34.948700 0.227749 35.409796 -0.461096
0.028880 35.276300 0.655117 35.421345 -0.145045
0.028980 35.477900 0.275376 35.429012 0.048888
0.029020 35.055800 0.218663 35.432071 -0.376271
0.029130 35.515200 0.250819 35.440464 0.074736
0.029150 35.694800 0.183345 35.441987 0.252813
0.029170 35.239100 0.185823 35.443509 -0.204409
0.029190 35.602400 0.169987 35.445029 0.157371
0.029380 35.622200 0.299966 35.459426 0.162774
0.029380 35.472000 0.225755 35.459426 0.012574
0.029440 35.276100 0.180915 35.463953 -0.187853
0.029470 35.093900 0.272694 35.466214 -0.372314
0.029490 35.607900 0.224233 35.467719 0.140181
0.029500 35.363800 0.283742 35.468472 -0.104672
0.029530 35.465400 0.177866 35.470728 -0.005328
0.029560 35.506400 0.190895 35.472982 0.033418
0.029690 35.278100 0.194122 35.482723 -0.204623
0.029780 35.501500 0.190369 35.489442 0.012058
0.029780 35.511600 0.190788 35.489442 0.022158
0.029900 35.435400 0.185335 35.498371 -0.062971
0.029960 35.861000 0.192522 35.502823 0.358177
0.030120 35.519500 0.196088 35.514651 0.004849
0.030120 35.483800 0.199296 35.514651 -0.030851
0.030120 35.476100 0.233488 35.514651 -0.038551
0.030230 35.518500 0.166012 35.522748 -0.004248
0.030310 35.554200 0.216273 35.528619 0.025581
0.030360 35.480300 0.173804 35.532281 -0.051981
0.030470 35.534500 0.258248 35.540316 -0.005816
0.030590 35.358600 0.164518 35.549050 -0.190450
0.030750 35.352200 0.343157 35.560644 -0.208444
0.030760 35.608400 0.212671 35.561367 0.047033
0.030830 35.464800 0.278746 35.566419 -0.101619
0.030860 35.416400 0.184841 35.568581 -0.152181
0.030910 35.492600 0.166476 35.572180 -0.079580
0.030960 35.648100 0.206672 35.575773 0.072327
0.031080 35.922400 0.399302 35.584374 0.338026
0.031080 35.406000 0.332119 35.584374 -0.178374
0.031080 35.337400 0.375292 35.584374 -0.246974
0.031100 35.565000 0.183722 35.585804 -0.020804
0.031140 35.670000 0.236835 35.588662 0.081338
0.031140 35.540900 0.184896 35.588662 -0.047762
0.031160 35.587700 0.169094 35.590090 -0.002390
0.031170 35.530400 0.283582 35.590803 -0.060403
0.031180 35.667500 0.174531 35.591517 0.075983
0.031200 35.495700 0.175954 35.592943 -0.097243
0.031200 35.579300 0.148680 35.592943 -0.013643
0.031200 35.484100 0.153803 35.592943 -0.108843
0.031210 35.772000 0.224228 35.593655 0.178345
0.031210 35.742800 0.226764 35.593655 0.149145
0.031210 35.786700 0.216659 35.593655 0.193045
0.031320 35.623100 0.320886 35.601479 0.021621
0.031430 35.646100 0.196214 35.609277 0.036823
0.031430 35.560200 0.185563 35.609277 -0.049077
0.031470 35.911900 0.273901 35.612106 0.299794
0.031480 35.701700 0.164289 35.612813 0.088887
0.031480 35.707000 0.220570 35.612813 0.094187
0.031620 35.647400 0.194240 35.622684 0.024716
0.031620 35.684700 0.188076 35.622684 0.062016
0.031660 35.727900 0.178050 35.625497 0.102403
0.031920 35.459200 0.276064 35.643696 -0.184496
0.032010 35.489600 0.148675 35.649962 -0.160362
0.032360 35.674600 0.202110 35.674171 0.000429
0.032550 35.576000 0.196814 35.687207 -0.111207
0.032600 35.856200 0.258808 35.690626 0.165574
0.032600 35.857700 0.294619 35.690626 0.167074
0.032640 35.880800 0.190040 35.693357 0.187443
0.032640 35.665600 0.274525 35.693357 -0.027757
0.032640 35.908200 0.198168 35.693357 0.214843
0.032720 35.663800 0.156049 35.698809 -0.035009
0.032720 35.636600 0.169859 35.698809 -0.062209
0.032720 35.643100 0.148421 35.698809 -0.055709
0.032820 35.632900 0.204026 35.705607 -0.072707
0.032890 35.838100 0.178659 35.710353 0.127747
0.032900 35.724800 0.153550 35.711031 0.013769
0.032940 35.799200 0.326022 35.713738 0.085462
0.032960 35.732400 0.220190 35.715090 0.017310
0.032960 35.890700 0.225741 35.715090 0.175610
0.032980 35.616400 0.168015 35.716442 -0.100042
0.033330 35.664300 0.150947 35.739967 -0.075667
0.033330 35.726800 0.162633 35.739967 -0.013167
0.033350 35.815900 0.198961 35.741304 0.074596
0.033410 35.864700 0.150987 35.745311 0.119389
0.033410 35.851600 0.143619 35.745311 0.106289
0.033710 35.779700 0.159699 35.765240 0.014460
0.033730 35.829000 0.273673 35.766563 0.062437
0.033750 36.022900 0.243018 35.767885 0.255015
0.033780 35.827600 0.259126 35.769866 0.057734
0.033930 35.908900 0.177213 35.779747 0.129153
0.034030 35.758700 0.312966 35.786311 -0.027611
0.034280 35.918800 0.207416 35.802561 0.116239
0.034280 35.937800 0.211316 35.802561 0.135239
0.034370 35.783700 0.217075 35.808374 -0.024674
0.034410 35.825000 0.340606 35.810953 0.014047
0.034510 35.975700 0.358083 35.817388 0.158312
0.034590 35.734800 0.155656 35.822523 -0.087723
0.034790 35.856600 0.205773 35.835310 0.021290
0.034910 35.911800 0.165632 35.842949 0.068851
0.035120 35.881600 0.169326 35.856257 0.025343
0.035150 35.893700 0.211664 35.858152 0.035548
0.035160 35.801200 0.483330 35.858783 -0.057583
0.035160 35.803800 0.482057 35.858783 -0.054983
0.035220 35.834900 0.334212 35.862567 -0.027667
0.035290 35.861000 0.168600 35.866974 -0.005974
0.035510 35.990500 0.374822 35.880771 0.109729
0.035680 36.234000 0.188455 35.891376 0.342624
0.035760 35.959100 0.225173 35.896350 0.062750
0.035760 36.154500 0.230318 35.896350 0.258150
0.035830 35.932500 0.204232 35.900693 0.031807
0.035850 35.551500 0.204326 35.901933 -0.350433
0.035990 35.990900 0.187185 35.910591 0.080309
0.036160 35.858600 0.223482 35.921061 -0.062461
0.036240 36.184500 0.187245 35.925972 0.258528
0.036350 36.003500 0.185251 35.932707 0.070793
0.036820 35.928200 0.156600 35.961269 -0.033069
0.036820 35.883600 0.185109 35.961269 -0.077669
0.036970 36.074800 0.289284 35.970311 0.104489
0.037020 35.805600 0.308166 35.973317 -0.167717
0.037020 35.928700 0.318471 35.973317 -0.044617
0.037020 36.069500 0.175025 35.973317 0.096183
0.037020 36.080000 0.336812 35.973317 0.106683
0.037050 35.963700 0.166565 35.975119 -0.011419
0.037070 36.047500 0.166339 35.976319 0.071181
0.037250 36.006700 0.135213 35.987096 0.019604
0.037250 35.992700 0.149174 35.987096 0.005604
0.037300 35.869800 0.189690 35.990080 -0.120280
0.037400 35.978900 0.163683 35.996038 -0.017138
0.037530 35.949000 0.262609 36.003761 -0.054761
0.037560 36.333300 0.171248 36.005539 0.327761
0.037560 36.218500 0.171341 36.005539 0.212961
0.037870 36.006300 0.206656 36.023838 -0.017538
0.037900 36.062400 0.163008 36.025601 0.036799
0.037960 36.088900 0.198876 36.029123 0.059777
0.038180 35.893800 0.151724 36.041994 -0.148194
0.038180 35.861700 0.152703 36.041994 -0.180294
0.038280 36.114100 0.236153 36.047820 0.066280
0.038340 36.517700 0.245806 36.051309 0.466391
0.038470 36.225400 0.311188 36.058851 0.166549
0.038480 36.256400 0.149974 36.059430 0.196970
0.038730 36.012500 0.170350 36.073862 -0.061362
0.038840 36.026000 0.219507 36.080184 -0.054184
0.039020 36.012500 0.204712 36.090492 -0.077992
0.039090 36.196200 0.220822 36.094489 0.101711
0.039100 36.212500 0.183520 36.095059 0.117441
0.040140 36.284000 0.147901 36.153630 0.130370
0.040350 36.548600 0.234635 36.165281 0.383319
0.040560 36.016700 0.143473 36.176874 -0.160174
0.040560 36.081800 0.144980 36.176874 -0.095074
0.040770 35.991800 0.210464 36.188410 -0.196610
0.040890 36.126300 0.168835 36.194977 -0.068677
0.040950 36.410400 0.307187 36.198253 0.212147
0.040990 36.040300 0.147245 36.200435 -0.160135
0.041010 36.315300 0.150794 36.201525 0.113775
0.041670 36.560100 0.280122 36.237217 0.322883
0.042220 36.210100 0.208042 36.266552 -0.056452
0.042580 36.510600 0.426487 36.285556 0.225044
0.042680 36.293100 0.151018 36.290808 0.002292
0.042680 35.913800 0.294490 36.290808 -0.377008
0.042850 36.252100 0.175538 36.299709 -0.047609
0.042850 36.207100 0.166515 36.299709 -0.092609
0.042890 36.201800 0.162522 36.301799 -0.099999
0.043060 36.245700 0.207056 36.310658 -0.064958
0.043490 36.416500 0.166064 36.332921 0.083579
0.043490 36.213700 0.152187 36.332921 -0.119221
0.043490 36.288200 0.166626 36.332921 -0.044721
0.043690 36.259400 0.177777 36.343204 -0.083804
0.044080 36.329800 0.181208 36.363128 -0.033328
0.044380 36.546900 0.231201 36.378340 0.168560
0.044390 36.291600 0.249078 36.378846 -0.087246
0.044400 36.551000 0.270525 36.379351 0.171649
0.044640 36.511400 0.286272 36.391445 0.119955
0.044870 36.456500 0.162334 36.402978 0.053522
0.045210 36.686600 0.304921 36.419923 0.266677
0.045450 36.454100 0.196266 36.431812 0.022288
0.045750 36.463400 0.173532 36.446495 0.016905
0.045750 36.513900 0.151933 36.446495 0.067405
0.045830 36.157900 0.182756 36.450395 -0.292495
0.045900 36.381100 0.196005 36.453802 -0.072702
0.046250 36.263600 0.218105 36.470763 -0.207163
0.046310 36.539400 0.159223 36.473659 0.065741
0.046430 36.324700 0.195021 36.479439 -0.154739
0.046560 36.508100 0.209562 36.485685 0.022415
0.046640 36.471300 0.194090 36.489521 -0.018221
0.046820 36.478600 0.148197 36.498129 -0.019529
0.046820 36.485700 0.182928 36.498129 -0.012429
0.046910 36.758200 0.280677 36.502421 0.255779
0.047380 36.564200 0.229149 36.524710 0.039490
0.047600 36.600900 0.161688 36.535071 0.065829
0.047770 36.594600 0.145385 36.543047 0.051553
0.047770 36.562700 0.208806 36.543047 0.019653
0.048190 36.497600 0.165873 36.562637 -0.065037
0.048370 36.373500 0.154741 36.570984 -0.197484
0.048600 36.330300 0.135835 36.581607 -0.251307
0.048650 36.641000 0.181462 36.583910 0.057090
0.049340 36.599700 0.202684 36.615465 -0.015765
0.049400 36.469100 0.176995 36.618190 -0.149090
0.049440 36.582800 0.168097 36.620004 -0.037204
0.049850 36.640200 0.244395 36.638523 0.001677
0.049890 36.471400 0.185530 36.640322 -0.168922
0.050180 36.569300 0.155812 36.653324 -0.084024
0.050230 36.858300 0.163226 36.655559 0.202741
0.050320 36.540300 0.453411 36.659576 -0.119276
0.050440 36.462100 0.201896 36.664922 -0.202822
0.050490 36.546100 0.190961 36.667145 -0.121045
0.050520 36.703600 0.133364 36.668479 0.035121
0.050660 36.852300 0.302557 36.674691 0.177609
0.051060 36.880400 0.168360 36.692351 0.188049
0.051260 36.393000 0.201448 36.701132 -0.308132
0.051510 36.586200 0.156832 36.712064 -0.125864
0.051940 36.775900 0.228182 36.730749 0.045151
0.052020 36.867900 0.208308 36.734210 0.133690
0.052020 36.543300 0.298829 36.734210 -0.190910
0.052220 36.841100 0.218249 36.742839 0.098261
0.052620 36.914400 0.207509 36.760004 0.154396
0.053090 36.775200 0.161766 36.780016 -0.004816
0.053160 36.847400 0.172204 36.782983 0.064417
0.053460 36.863100 0.133817 36.795654 0.067446
0.054680 36.832700 0.178902 36.846505 -0.013805
0.054690 36.858100 0.149593 36.846917 0.011183
0.055020 36.643300 0.175423 36.860486 -0.217186
0.055410 36.867600 0.194374 36.876424 -0.008824
0.056140 36.810900 0.193162 36.905975 -0.095075
0.056530 36.909800 0.185051 36.921615 -0.011815
0.056930 37.039300 0.176308 36.937523 0.101777
0.057080 36.990300 0.171451 36.943433 0.046867
0.057280 37.068700 0.221323 36.951291 0.117409
0.058240 36.982100 0.138149 36.988658 -0.006558
0.058240 36.932400 0.146740 36.988658 -0.056258
0.058300 36.954500 0.182842 36.990974 -0.036474
0.058860 36.980200 0.215566 37.012487 -0.032287
0.058860 37.146000 0.252804 37.012487 0.133513
0.059740 36.300100 0.617516 37.045910 -0.745810
0.060920 37.032000 0.177590 37.090016 -0.058016
0.060990 37.163100 0.123921 37.092607 0.070493
0.060990 37.192500 0.160570 37.092607 0.099893
0.061210 37.138300 0.198009 37.100733 0.037567
0.061370 36.960800 0.196145 37.106626 -0.145826
0.061370 36.969100 0.141986 37.106626 -0.137526
0.061530 37.074700 0.183316 37.112505 -0.037805
0.063720 37.351700 0.206518 37.191572 0.160128
0.063840 37.019700 0.155855 37.195831 -0.176131
0.064460 37.078600 0.154429 37.217718 -0.139118
0.065330 37.085100 0.153034 37.248103 -0.163003
0.066270 37.361700 0.203312 37.280514 0.081186
0.066540 37.162700 0.296189 37.289744 -0.127044
0.067110 37.423700 0.194412 37.309117 0.114583
0.067250 37.234400 0.203006 37.313852 -0.079452
0.067860 37.493500 0.190499 37.334377 0.159123
0.068440 37.238100 0.191221 37.353678 -0.115578
0.068860 37.421300 0.159324 37.367511 0.053789
0.068970 37.281700 0.174144 37.371121 -0.089421
0.070230 37.294400 0.277681 37.412100 -0.117700
0.070560 37.296100 0.226908 37.422720 -0.126620
0.070560 37.277500 0.212322 37.422720 -0.145220
0.070730 37.478700 0.176182 37.428174 0.050526
0.070830 37.481400 0.447068 37.431376 0.050024
0.070890 37.454300 0.247810 37.433295 0.021005
0.070900 37.729100 0.501827 37.433615 0.295485
0.070910 37.371200 0.228257 37.433935 -0.062735
0.071160 37.355200 0.196012 37.441914 -0.086714
0.071580 37.249400 0.161070 37.455261 -0.205861
0.071670 37.415500 0.208957 37.458112 -0.042612
0.071930 37.561800 0.180815 37.466329 0.095471
0.072220 37.631900 0.199695 37.475462 0.156438
0.072520 37.622500 0.304764 37.484874 0.137626
0.073930 37.553500 0.176502 37.528639 0.024861
0.074400 37.434600 0.222054 37.543057 -0.108457
0.074460 37.450100 0.192118 37.544892 -0.094792
0.075200 37.476300 0.179761 37.567407 -0.091107
0.075200 37.565600 0.154994 37.567407 -0.001807
0.075600 37.814200 0.289148 37.579493 0.234707
0.075750 37.546100 0.217171 37.584010 -0.037910
0.075880 37.634200 0.198325 37.587918 0.046282
0.078450 37.571500 0.150392 37.663943 -0.092443
0.078590 37.831500 0.146078 37.668019 0.163481
0.078750 38.015400 0.239252 37.672669 0.342731
0.078750 38.094200 0.180119 37.672669 0.421531
0.078950 37.598800 0.503338 37.678468 -0.079668
0.079060 37.784300 0.238199 37.681652 0.102648
0.079310 37.530000 0.147217 37.688874 -0.158874
0.079910 37.600300 0.157805 37.706054 -0.105754
0.080090 37.666800 0.119289 37.711172 -0.044372
0.081670 37.721500 0.219648 37.755655 -0.034155
0.082450 37.819200 0.217606 37.777326 0.041874
0.082820 37.677400 0.265638 37.787541 -0.110141
0.083090 37.993900 0.195118 37.794969 0.198931
0.084100 37.968600 0.221594 37.822563 0.146037
0.085720 37.840600 0.128563 37.866199 -0.025599
0.087040 37.848400 0.216810 37.901204 -0.052804
0.088700 37.777200 0.253181 37.944548 -0.167348
0.090390 37.920200 0.217040 37.987926 -0.067726
0.090890 38.026900 0.167553 38.000619 0.026281
0.092050 38.160200 0.266341 38.029642 0.130558
0.092930 38.222600 0.493293 38.051439 0.171161
0.099500 38.437700 0.194713 38.208549 0.229151
0.101650 38.298200 0.165557 38.257942 0.040258
0.102210 38.408500 0.187412 38.270653 0.137847
0.102460 38.251100 0.199553 38.276281 -0.025181
0.102940 38.181500 0.186250 38.287035 -0.105535
0.103610 38.333800 0.126380 38.301971 0.031829
0.103740 38.207900 0.196456 38.304859 -0.096959
0.105070 38.429500 0.236183 38.334223 0.095277
0.106610 38.261100 0.195537 38.367814 -0.106714
0.107070 38.462400 0.151122 38.377764 0.084636
0.107110 38.429500 0.210466 38.378627 0.050873
0.107130 38.780100 0.468541 38.379059 0.401041
0.107740 38.498400 0.180059 38.392188 0.106212
0.107940 38.401700 0.187108 38.396479 0.005221
0.109080 38.401600 0.133183 38.420800 -0.019200
0.110010 38.570100 0.179741 38.440474 0.129626
0.112590 38.621400 0.163201 38.494292 0.127108
0.113880 38.387600 0.194923 38.520760 -0.133160
0.116500 38.540800 0.159897 38.573441 -0.032641
0.116530 38.630200 0.185742 38.574038 0.056162
0.117600 38.572700 0.239635 38.595249 -0.022549
0.117920 38.608800 0.214419 38.601560 0.007240
0.118180 38.415700 0.127058 38.606676 -0.190976
0.119010 38.562900 0.212381 38.622943 -0.060043
0.120140 38.595800 0.200195 38.644929 -0.049129
0.120580 38.792600 0.252257 38.653441 0.139159
0.120860 38.634800 0.302627 38.658843 -0.024043
0.122070 38.594500 0.157915 38.682064 -0.087564
0.122310 38.611900 0.231142 38.686645 -0.074745
0.122780 38.685300 0.144584 38.695595 -0.010295
0.123160 38.596700 0.274641 38.702809 -0.106109
0.123570 38.616400 0.162163 38.710571 -0.094171
0.123770 38.800900 0.333367 38.714349 0.086551
0.123830 38.824200 0.150324 38.715481 0.108719
0.123930 38.650400 0.145797 38.717367 -0.066967
0.124050 38.835000 0.221531 38.719629 0.115371
0.124720 38.761600 0.125870 38.732221 0.029379
0.125600 39.141700 0.298944 38.748600 0.393100
0.126230 38.495600 0.293348 38.760241 -0.264641
0.127060 38.812500 0.259679 38.775501 0.036999
0.127100 38.684900 0.280884 38.776234 -0.091334
0.127200 38.742900 0.159508 38.778066 -0.035166
0.127320 38.784100 0.176913 38.780263 0.003837
0.129200 38.754700 0.150979 38.814448 -0.059748
0.129210 38.840300 0.212795 38.814629 0.025671
0.129500 38.833000 0.250442 38.819863 0.013137
0.129580 38.842900 0.142748 38.821305 0.021595
0.131690 38.802000 0.134576 38.859065 -0.057065
0.132810 38.784100 0.122177 38.878894 -0.094794
0.133660 38.826600 0.283718 38.893847 -0.067247
0.133720 38.843400 0.157696 38.894899 -0.051499
0.134770 39.236600 0.199357 38.913249 0.323351
0.135350 39.077500 0.313330 38.923332 0.154168
0.136140 38.977100 0.206627 38.937005 0.040095
0.136580 38.847500 0.195569 38.944567 -0.097067
0.137000 39.009500 0.224296 38.951744 0.057756
0.137130 38.961600 0.259136 38.953961 0.007639
0.137450 39.351100 0.230391 38.959411 0.391689
0.138220 38.885700 0.128482 38.972482 -0.086782
0.138260 38.950300 0.159740 38.973159 -0.022859
0.138400 39.022900 0.124250 38.975528 0.047372
0.138510 39.040100 0.319084 38.977388 0.062712
0.138750 38.999900 0.176022 38.981442 0.018458
0.138800 39.046700 0.130742 38.982285 0.064415
0.139550 39.021300 0.145767 38.994910 0.026390
0.140820 39.177500 0.184019 39.016156 0.161344
0.141040 39.283500 0.203514 39.019819 0.263681
0.141230 39.040700 0.212429 39.022979 0.017721
0.141340 39.123700 0.260864 39.024807 0.098893
0.143250 39.047000 0.160602 39.056351 -0.009351
0.143450 39.515400 0.370650 39.059633 0.455767
0.143590 39.113500 0.129494 39.061928 0.051572
0.144040 39.075600 0.170594 39.069292 0.006308
0.144230 39.016000 0.240960 39.072395 -0.056395
0.145420 39.151800 0.210163 39.091751 0.060049
0.146380 39.185700 0.207408 39.107267 0.078433
0.146520 39.158000 0.187578 39.109523 0.048477
0.147370 39.015400 0.197495 39.123177 -0.107777
0.147470 38.967200 0.171803 39.124779 -0.157579
0.147710 39.134000 0.188785 39.128620 0.005380
0.147780 39.161000 0.170177 39.129734 0.031266
0.148030 39.228500 0.184985 39.133702 0.094798
0.148060 39.038200 0.157931 39.134178 -0.095978
0.148340 39.023900 0.142683 39.138616 -0.114716
0.148980 39.160600 0.174940 39.148732 0.011868
0.149400 39.110400 0.175216 39.155350 -0.044950
0.150500 39.105800 0.170038 39.172609 -0.066809
0.150840 39.168700 0.134119 39.177922 -0.009222
0.151950 39.047700 0.158769 39.195196 -0.147496
0.152910 39.323900 0.173198 39.210049 0.113851
0.153180 39.217500 0.127754 39.214212 0.003288
0.153360 39.099100 0.159928 39.216983 -0.117883
0.153410 39.256400 0.179373 39.217753 0.038647
0.153570 39.363900 0.175468 39.220214 0.143686
0.155110 39.207600 0.167881 39.243788 -0.036188
0.155260 39.278000 0.157843 39.246074 0.031926
0.155360 39.399400 0.175858 39.247597 0.151803
0.156010 38.970400 0.179204 39.257473 -0.287073
0.156710 39.208700 0.210288 39.268071 -0.059371
0.158560 39.079400 0.163715 39.295885 -0.216485
0.159210 39.426700 0.283686 39.305581 0.121119
0.159310 38.950300 0.143914 39.307062 -0.356762
0.159480 39.090800 0.143045 39.309579 -0.218779
0.160040 39.042800 0.270648 39.317852 -0.275052
0.160080 39.228600 0.167715 39.318442 -0.089842
0.160530 39.205700 0.217053 39.325070 -0.119370
0.160610 39.424200 0.260360 39.326247 0.097953
0.160770 39.216200 0.209270 39.328599 -0.112399
0.161220 39.310600 0.246322 39.335204 -0.024604
0.162360 39.325200 0.224064 39.351866 -0.026666
0.163750 39.280700 0.200998 39.372049 -0.091349
0.164480 39.263400 0.199319 39.382590 -0.119190
0.164710 39.329300 0.139452 39.385903 -0.056603
0.164950 39.318200 0.150918 39.389356 -0.071156
0.166030 39.493800 0.241887 39.404843 0.088957
0.166060 39.181700 0.193496 39.405272 -0.223572
0.168280 39.275700 0.165826 39.436834 -0.161134
0.169240 39.515500 0.182871 39.450373 0.065127
0.169710 39.672100 0.274897 39.456979 0.215121
0.170420 39.474200 0.132684 39.466927 0.007273
0.171240 39.542400 0.275502 39.478307 0.064093
0.171690 39.460300 0.214715 39.484531 -0.024231
0.172560 39.502100 0.177409 39.496525 0.005575
0.172700 39.267600 0.152344 39.498451 -0.230851
0.172970 39.726300 0.252568 39.502160 0.224140
0.173310 39.387100 0.131849 39.506824 -0.119724
0.173740 39.540300 0.183180 39.512712 0.027588
0.173780 39.349300 0.151501 39.513260 -0.163960
0.173920 39.598600 0.318528 39.515174 0.083426
0.174170 39.573400 0.137128 39.518588 0.054812
0.174200 39.331700 0.154309 39.518998 -0.187298
0.174380 39.505300 0.183971 39.521453 -0.016153
0.174430 39.554600 0.230974 39.522135 0.032465
0.174440 39.484900 0.162645 39.522272 -0.037372
0.174980 39.743400 0.182014 39.529624 0.213776
0.176660 39.516400 0.135467 39.552376 -0.035976
0.177130 39.509500 0.175623 39.558709 -0.049209
0.177370 39.477100 0.138264 39.561938 -0.084838
0.177860 39.339400 0.257355 39.568517 -0.229117
0.177910 39.647700 0.131546 39.569188 0.078512
0.178520 39.966900 0.207864 39.577356 0.389544
0.179010 39.641000 0.157339 39.583901 0.057099
0.179110 39.767200 0.201468 39.585234 0.181966
0.179310 39.535500 0.229828 39.587900 -0.052400
0.179520 39.550900 0.280575 39.590696 -0.039796
0.179730 39.551900 0.174634 39.593490 -0.041590
0.179750 39.596200 0.208929 39.593756 0.002444
0.180040 39.997900 0.268081 39.597608 0.400292
0.180500 39.368800 0.137620 39.603709 -0.234909
0.180730 39.503500 0.133745 39.606754 -0.103254
0.180780 39.716600 0.179158 39.607416 0.109184
0.180820 39.639100 0.133983 39.607945 0.031155
0.180860 39.615100 0.246207 39.608474 0.006626
0.180920 39.621300 0.207991 39.609268 0.012032
0.181260 39.658500 0.225961 39.613760 0.044740
0.181360 39.486800 0.134057 39.615080 -0.128280
0.181450 39.395300 0.235174 39.616267 -0.220967
0.182170 39.586300 0.201062 39.625720 -0.039420
0.182290 39.525900 0.149858 39.627288 -0.101388
0.182310 39.688500 0.152439 39.627549 0.060951
0.182520 39.782100 0.177319 39.630290 0.151810
0.183600 39.599500 0.294191 39.644345 -0.044845
0.183750 39.680000 0.151568 39.646292 0.033708
0.183890 39.752000 0.197430 39.648107 0.103893
0.184020 39.796000 0.218377 39.649792 0.146208
0.184580 39.938400 0.282465 39.657039 0.281361
0.184590 39.789100 0.142656 39.657169 0.131931
0.184840 39.654800 0.276820 39.660398 -0.005598
0.184930 39.613000 0.134864 39.661559 -0.048559
0.185060 39.743500 0.159325 39.663236 0.080264
0.185150 39.634700 0.160441 39.664397 -0.029697
0.185220 39.542700 0.172189 39.665299 -0.122599
0.185270 39.788200 0.139358 39.665944 0.122256
0.186670 39.755900 0.144508 39.683926 0.071974
0.187280 39.769400 0.136710 39.691726 0.077674
0.188090 39.745100 0.191467 39.702051 0.043049
0.189060 39.438400 0.149571 39.714367 -0.275967
0.189080 39.808900 0.256269 39.714620 0.094280
0.189290 39.935900 0.228953 39.717279 0.218621
0.189290 40.140800 0.200523 39.717279 0.423521
0.189480 39.741300 0.209197 39.719683 0.021617
0.189520 39.762400 0.238646 39.720189 0.042211
0.189950 39.728600 0.224725 39.725621 0.002979
0.190250 39.880700 0.157990 39.729404 0.151296
0.190420 39.689200 0.294972 39.731546 -0.042346
0.190440 39.918200 0.154841 39.731798 0.186402
0.194130 39.798300 0.218857 39.777827 0.020473
0.194340 39.878700 0.222002 39.780413 0.098287
0.195460 40.134300 0.403955 39.794166 0.340134
0.195530 39.711100 0.156617 39.795024 -0.083924
0.195570 39.908200 0.195934 39.795514 0.112686
0.195680 39.958000 0.212325 39.796860 0.161140
0.196160 39.728800 0.124812 39.802729 -0.073929
0.196210 39.774700 0.157962 39.803340 -0.028640
0.196270 39.839700 0.254651 39.804073 0.035627
0.196350 39.892700 0.293420 39.805049 0.087651
0.197330 39.801800 0.141580 39.816985 -0.015185
0.197410 39.693200 0.130873 39.817958 -0.124758
0.197820 39.492000 0.189171 39.822935 -0.330935
0.198170 39.756100 0.182544 39.827178 -0.071078
0.198280 39.887900 0.174409 39.828510 0.059390
0.198610 40.324600 0.238597 39.832502 0.492098
0.198770 39.888100 0.211487 39.834436 0.053664
0.198780 39.889000 0.174502 39.834557 0.054443
0.199080 40.021600 0.217638 39.838179 0.183421
0.199530 39.851100 0.254227 39.843604 0.007496
0.199610 39.676400 0.246154 39.844568 -0.168168
0.199700 39.896500 0.171550 39.845651 0.050849
0.200770 39.683700 0.194976 39.858501 -0.174801
0.200830 39.983800 0.252956 39.859220 0.124580
0.200870 39.767200 0.316127 39.859699 -0.092499
0.201280 39.857500 0.216953 39.864606 -0.007106
0.202310 39.618400 0.198124 39.876897 -0.258497
0.202490 39.994900 0.159703 39.879040 0.115860
0.202790 39.837300 0.184965 39.882607 -0.045307
0.203200 39.965800 0.146626 39.887476 0.078324
0.203290 39.882200 0.166845 39.888543 -0.006343
0.203310 39.927700 0.173799 39.888781 0.038919
0.203340 39.933500 0.216127 39.889136 0.044364
0.203820 39.904100 0.171481 39.894823 0.009277
0.204690 39.880900 0.160012 39.905091 -0.024191
0.204830 39.842700 0.202322 39.906732 -0.064032
0.205230 40.166100 0.227714 39.911415 0.254685
0.205620 39.812600 0.174944 39.915973 -0.103373
0.206910 39.922500 0.279831 39.931002 -0.008502
0.207480 40.316000 0.333666 39.937618 0.378382
0.207510 40.072500 0.148972 39.937965 0.134535
0.208400 39.729900 0.272182 39.948265 -0.218365
0.208560 39.875800 0.146778 39.950113 -0.074313
0.208680 40.103400 0.239508 39.951498 0.151902
0.208700 39.863900 0.197696 39.951728 -0.087828
0.208790 39.879800 0.159650 39.952767 -0.072967
0.209480 39.841300 0.262138 39.960715 -0.119415
0.210150 40.147900 0.148877 39.968412 0.179488
0.210370 39.454300 0.186032 39.970935 -0.516635
0.210840 39.963200 0.223017 39.976318 -0.013118
0.210950 39.806000 0.155718 39.977576 -0.171576
0.211140 39.955200 0.163264 39.979749 -0.024549
0.211340 40.141500 0.266119 39.982034 0.159466
0.211740 39.967600 0.230498 39.986599 -0.018999
0.212000 39.913600 0.194498 39.989562 -0.075962
0.212250 39.937400 0.243726 39.992408 -0.055008
0.213500 40.021800 0.165280 40.006600 0.015200
0.213650 40.008400 0.190330 40.008298 0.000102
0.213980 39.887400 0.197488 40.012031 -0.124631
0.214400 40.017900 0.298904 40.016776 0.001124
0.215070 39.882500 0.477887 40.024329 -0.141829
0.215210 40.464100 0.229430 40.025904 0.438196
0.215780 40.225300 0.258716 40.032311 0.192989
0.216500 39.825300 0.141535 40.040345 -0.215045
0.216890 40.067200 0.190384 40.044683 0.022517
0.216920 40.093200 0.185301 40.045017 0.048183
0.217420 40.139500 0.269611 40.050568 0.088932
0.217940 39.994200 0.174837 40.056331 -0.062131
0.218450 40.221600 0.204417 40.061972 0.159628
0.218810 40.141600 0.247596 40.065948 0.075652
0.218970 40.192500 0.240729 40.067713 0.124787
0.218980 40.129200 0.218822 40.067823 0.061377
0.218990 40.029600 0.130815 40.067934 -0.038334
0.219410 40.004800 0.208962 40.072562 -0.067762
0.219500 40.109800 0.160031 40.073553 0.036247
0.219720 40.061600 0.124319 40.075973 -0.014373
0.219780 40.088200 0.173376 40.076633 0.011567
0.219900 40.238700 0.220195 40.077953 0.160747
0.220170 39.922800 0.242946 40.080919 -0.158119
0.220660 40.187600 0.225274 40.086294 0.101306
0.220830 40.079800 0.266821 40.088157 -0.008357
0.221320 40.044100 0.143254 40.093520 -0.049420
0.221320 40.058800 0.204756 40.093520 -0.034720
0.221500 40.193700 0.166162 40.095487 0.098213
0.222990 40.325700 0.281229 40.111724 0.213976
0.223490 40.151100 0.167278 40.117153 0.033947
0.223850 40.016200 0.172818 40.121056 -0.104856
0.224490 40.129300 0.197210 40.127981 0.001319
0.224490 39.944900 0.245775 40.127981 -0.183081
0.224930 40.112600 0.160616 40.132733 -0.020133
0.225420 40.149100 0.174035 40.138017 0.011083
0.225430 40.132900 0.188923 40.138124 -0.005224
0.225510 40.185600 0.197444 40.138986 0.046614
0.225780 39.986500 0.175963 40.141892 -0.155392
0.226450 40.391200 0.201078 40.149092 0.242108
0.227260 40.097000 0.228488 40.157773 -0.060773
0.228180 40.223600 0.183395 40.167545 0.056055
0.228650 40.160400 0.308241 40.172525 -0.012125
0.229280 40.222900 0.202405 40.179187 0.043713
0.229780 40.135100 0.188066 40.184464 -0.049364
0.230200 40.128300 0.227444 40.188889 -0.060589
0.230410 40.306200 0.260109 40.191100 0.115100
0.230820 40.071700 0.296847 40.195410 -0.123710
0.230860 40.104900 0.204707 40.195831 -0.090931
0.230920 40.295800 0.226289 40.196461 0.099339
0.231250 40.316900 0.189753 40.199925 0.116975
0.231620 40.201000 0.226906 40.203804 -0.002804
0.231640 40.087500 0.237265 40.204013 -0.116513
0.232050 40.204500 0.159507 40.208306 -0.003806
0.232820 39.834100 0.180906 40.216350 -0.382250
0.233670 40.185700 0.255059 40.225206 -0.039506
0.233780 40.414800 0.196370 40.226350 0.188450
0.233910 40.178800 0.292139 40.227701 -0.048901
0.233950 40.138900 0.214099 40.228117 -0.089217
0.234720 40.191200 0.327990 40.236109 -0.044909
0.234810 40.278400 0.167703 40.237042 0.041358
0.234940 40.158000 0.183242 40.238389 -0.080389
0.235200 40.162900 0.275154 40.241080 -0.078180
0.235560 40.233600 0.214202 40.244804 -0.011204
0.236390 40.380500 0.155735 40.253370 0.127130
0.236620 40.263600 0.156727 40.255740 0.007860
0.236640 40.467400 0.193131 40.255946 0.211454
0.236850 40.119000 0.236651 40.258108 -0.139108
0.236930 40.227900 0.210237 40.258931 -0.031031
0.237210 40.224500 0.203948 40.261810 -0.037310
0.237460 40.736500 0.305716 40.264378 0.472122
0.237890 40.231700 0.172272 40.268791 -0.037091
0.239500 39.905900 0.208409 40.285204 -0.379304
0.239810 40.130000 0.180786 40.288345 -0.158345
0.240200 40.384700 0.264226 40.292293 0.092407
0.240850 40.401600 0.166736 40.298861 0.102739
0.241220 40.329100 0.130654 40.302593 0.026507
0.241510 40.121400 0.184136 40.305515 -0.184115
0.241640 40.172000 0.261675 40.306824 -0.134824
0.242200 40.564000 0.221356 40.312457 0.251543
0.242800 40.421700 0.219858 40.318480 0.103220
0.242840 40.573400 0.259119 40.318881 0.254519
0.243290 40.251600 0.143114 40.323390 -0.071790
0.243540 40.538000 0.306318 40.325892 0.212108
0.244100 40.295600 0.242814 40.331489 -0.035889
0.244440 40.206400 0.221704 40.334883 -0.128483
0.244590 40.126300 0.186144 40.336379 -0.210079
0.245110 40.333600 0.209543 40.341559 -0.007959
0.245230 40.495700 0.181643 40.342753 0.152947
0.245530 40.358200 0.219468 40.345736 0.012464
0.245850 40.431800 0.167359 40.348915 0.082885
0.246170 40.347300 0.149416 40.352091 -0.004791
0.246500 40.378000 0.171350 40.355363 0.022637
0.246560 40.282900 0.214739 40.355957 -0.073057
0.246600 40.390700 0.155150 40.356353 0.034347
0.247110 40.198300 0.137434 40.361401 -0.163101
0.248460 40.203000 0.177170 40.374722 -0.171722
0.248600 40.491200 0.215929 40.376100 0.115100
0.248610 40.427600 0.195634 40.376198 0.051402
0.248620 40.365700 0.261564 40.376297 -0.010597
0.248650 40.325600 0.178325 40.376592 -0.050992
0.248960 40.427000 0.180619 40.379641 0.047359
0.249090 40.316700 0.167358 40.380918 -0.064218
0.249720 40.673300 0.220606 40.387102 0.286198
0.249830 40.296100 0.206796 40.388181 -0.092081
0.249860 40.391500 0.163714 40.388475 0.003025
0.250190 40.596500 0.224495 40.391697 0.204803
0.250220 40.376400 0.218218 40.391989 -0.015589
0.250430 40.414500 0.179616 40.394032 0.020468
0.250510 40.569200 0.188725 40.394810 0.174390
0.250630 40.300900 0.188277 40.395977 -0.095077
0.250900 40.387300 0.202604 40.398601 -0.011301
0.251990 40.469800 0.207347 40.409169 0.060631
0.252600 40.462200 0.166497 40.415068 0.047132
0.252600 40.406600 0.259149 40.415068 -0.008468
0.253300 40.368800 0.157050 40.421823 -0.053023
0.253580 40.030300 0.262822 40.424521 -0.394221
0.254070 40.454600 0.167762 40.429236 0.025364
0.256160 40.645800 0.194176 40.449269 0.196531
0.256200 40.559300 0.271675 40.449651 0.109649
0.256370 40.372900 0.207312 40.451275 -0.078375
0.256830 40.502300 0.251739 40.455663 0.046637
0.257310 40.577600 0.249962 40.460237 0.117363
0.257360 40.494100 0.193606 40.460713 0.033387
0.257720 40.608800 0.225310 40.464137 0.144663
0.258130 40.528000 0.231214 40.468033 0.059967
0.258590 40.466300 0.209281 40.472398 -0.006098
0.258650 40.510000 0.149785 40.472967 0.037033
0.259040 40.541800 0.163699 40.476663 0.065137
0.259190 40.287900 0.178603 40.478083 -0.190183
0.259230 40.425500 0.162943 40.478461 -0.052961
0.259480 40.523800 0.233841 40.480826 0.042974
0.259520 40.442000 0.169977 40.481205 -0.039205
0.260620 40.503300 0.171288 40.491589 0.011711
0.260940 40.612800 0.185932 40.494603 0.118197
0.261410 40.447000 0.207526 40.499022 -0.052022
0.261620 40.418200 0.225542 40.500985 -0.082785
0.261720 40.687400 0.258941 40.501918 0.185482
0.261730 40.681000 0.233293 40.502012 0.178988
0.261750 40.392000 0.226027 40.502199 -0.110199
0.261840 40.693500 0.249126 40.503039 0.190461
0.262000 40.721600 0.216893 40.504532 0.217068
0.263030 41.264100 0.514634 40.514128 0.749972
0.263230 40.638800 0.170092 40.515987 0.122813
0.263600 40.399700 0.177345 40.519425 -0.119725
0.263930 40.558800 0.167704 40.522488 0.036312
0.263970 40.303500 0.205843 40.522859 -0.219359
0.264080 40.634200 0.381046 40.523879 0.110321
0.264190 40.507400 0.238455 40.524899 -0.017499
0.264600 40.515300 0.197965 40.528697 -0.013397
0.264630 40.671900 0.256474 40.528975 0.142925
0.265820 40.608700 0.219728 40.539971 0.068729
0.265830 40.324400 0.206109 40.540064 -0.215664
0.266400 40.290100 0.264978 40.545317 -0.255217
0.267000 40.546300 0.204902 40.550838 -0.004538
0.267910 40.510300 0.202065 40.559192 -0.048892
0.268180 40.462300 0.232043 40.561666 -0.099366
0.268590 40.579000 0.191142 40.565420 0.013580
0.268600 40.455300 0.240404 40.565511 -0.110211
0.268870 40.603900 0.217156 40.567980 0.035920
0.270200 40.636300 0.197002 40.580116 0.056184
0.270210 40.508900 0.164866 40.580207 -0.071307
0.270570 40.513900 0.209310 40.583484 -0.069584
0.270940 40.488700 0.166124 40.586848 -0.098148
0.271410 40.567700 0.123404 40.591116 -0.023416
0.272760 40.541500 0.173203 40.603341 -0.061841
0.273510 40.472100 0.208686 40.610074 -0.137974
0.274560 40.739900 0.293068 40.619476 0.120424
0.275090 40.776900 0.239421 40.624212 0.152688
0.275160 40.528600 0.241865 40.624837 -0.096237
0.275850 40.663100 0.213576 40.630989 0.032111
0.276310 40.674900 0.180061 40.635085 0.039815
0.276680 40.850400 0.272235 40.638375 0.212025
0.277760 40.618600 0.244740 40.647959 -0.029359
0.277820 40.918700 0.178030 40.648490 0.270210
0.279350 40.703700 0.164335 40.662015 0.041685
0.279900 40.505600 0.199320 40.666863 -0.161263
0.279950 40.566400 0.153331 40.667304 -0.100904
0.280600 40.666300 0.153096 40.673022 -0.006722
0.281320 40.622400 0.174763 40.679345 -0.056945
0.282070 40.598600 0.166629 40.685918 -0.087318
0.282660 40.744000 0.297355 40.691079 0.052921
0.283440 40.659600 0.184378 40.697889 -0.038289
0.284050 40.573500 0.154134 40.703204 -0.129704
0.284460 40.543100 0.186562 40.706753 -0.163653
0.284460 40.691900 0.207090 40.706753 -0.014853
0.284780 41.113500 0.351325 40.709519 0.403981
0.285570 40.704600 0.185989 40.716337 -0.011737
0.285880 40.671000 0.173206 40.719009 -0.048009
0.286650 40.638900 0.217509 40.725634 -0.086734
0.287340 40.569100 0.250397 40.731560 -0.162460
0.287580 40.537900 0.238886 40.733618 -0.195718
0.287750 40.875300 0.227224 40.735075 0.140225
0.288140 40.707500 0.188011 40.738416 -0.030916
0.288440 40.749000 0.137848 40.740983 0.008017
0.288540 40.745800 0.165419 40.741839 0.003961
0.288940 40.943300 0.226038 40.745258 0.198042
0.289010 40.742800 0.228497 40.745856 -0.003056
0.289050 40.676300 0.168052 40.746197 -0.069897
0.289070 40.702000 0.277224 40.746368 -0.044368
0.289490 40.976500 0.256114 40.749953 0.226547
0.289950 40.739300 0.271437 40.753874 -0.014574
0.290080 40.729800 0.234493 40.754982 -0.025182
0.290450 40.786100 0.230850 40.758131 0.027969
0.291230 40.484000 0.219145 40.764761 -0.280761
0.291930 40.760600 0.177707 40.770699 -0.010099
0.291960 40.765300 0.172199 40.770953 -0.005653
0.292150 40.750500 0.483728 40.772562 -0.022062
0.292210 40.422900 0.292471 40.773071 -0.350171
0.292510 40.637800 0.228825 40.775610 -0.137810
0.292560 40.695200 0.224836 40.776033 -0.080833
0.292930 40.745800 0.174302 40.779162 -0.033362
0.292980 40.826800 0.203556 40.779585 0.047215
0.293650 40.857000 0.204834 40.785242 0.071758
0.295040 40.762000 0.173778 40.796947 -0.034947
0.295800 41.020900 0.307913 40.803312 0.217588
0.295870 40.998900 0.165779 40.803895 0.195005
0.296470 40.993800 0.366054 40.808895 0.184905
0.296920 40.659500 0.202621 40.812640 -0.153140
0.296950 40.750500 0.210501 40.812889 -0.062389
0.298530 41.270500 0.232731 40.826001 0.444499
0.298550 40.653900 0.272883 40.826167 -0.172267
0.298930 40.919500 0.255050 40.829312 0.090188
0.299330 41.011300 0.341681 40.832620 0.178680
0.299450 41.021300 0.195981 40.833612 0.187688
0.299470 40.733500 0.186464 40.833777 -0.100277
0.300200 40.983700 0.198158 40.839802 0.143898
0.300300 40.879500 0.247188 40.840627 0.038873
0.300890 41.172900 0.294726 40.845487 0.327413
0.301420 40.858500 0.191702 40.849847 0.008653
0.301520 41.108600 0.206046 40.850669 0.257931
0.302510 40.889400 0.224750 40.858795 0.030605
0.303040 40.820400 0.274703 40.863137 -0.042737
0.303520 40.920400 0.142521 40.867064 0.053336
0.303650 41.077800 0.197526 40.868127 0.209673
0.304040 40.719000 0.222090 40.871313 -0.152313
0.304060 40.705200 0.182517 40.871476 -0.166276
0.304760 41.041100 0.242802 40.877187 0.163913
0.304860 40.901800 0.140115 40.878002 0.023798
0.305260 40.592400 0.306711 40.881260 -0.288860
0.305380 40.905400 0.133839 40.882236 0.023164
0.305480 41.004100 0.226225 40.883050 0.121050
0.305810 40.945100 0.165493 40.885734 0.059366
0.306520 40.895900 0.201565 40.891500 0.004400
0.306810 41.160000 0.239095 40.893853 0.266147
0.306910 40.957300 0.150058 40.894659 0.062641
0.308180 41.201800 0.139651 40.904881 0.296919
0.308340 40.953300 0.254065 40.906166 0.047134
0.308780 40.995400 0.152417 40.909698 0.085702
0.309220 41.046000 0.250639 40.913227 0.132773
0.309380 40.975700 0.270379 40.914509 0.061191
0.309490 41.017700 0.300429 40.915390 0.102310
0.309620 40.720000 0.257177 40.916431 -0.196431
0.310520 40.619700 0.336421 40.923629 -0.303929
0.310610 40.996200 0.221391 40.924348 0.071852
0.310880 41.046000 0.182638 40.926504 0.119496
0.311440 41.012300 0.141744 40.930971 0.081329
0.311790 41.037700 0.210925 40.933759 0.103941
0.312030 40.950300 0.160446 40.935670 0.014630
0.312620 40.956500 0.149709 40.940363 0.016137
0.312670 41.035200 0.279475 40.940760 0.094440
0.312700 40.623900 0.206200 40.940998 -0.317098
0.312960 41.019500 0.203499 40.943064 0.076436
0.313030 41.006100 0.176794 40.943620 0.062480
0.313870 41.022800 0.214434 40.950282 0.072518
0.314530 41.125100 0.155711 40.955507 0.169593
0.315060 41.019400 0.227804 40.959697 0.059703
0.315200 40.883700 0.219964 40.960803 -0.077103
0.315880 41.203300 0.233304 40.966169 0.237131
0.315930 40.933000 0.227638 40.966564 -0.033564
0.316230 41.197900 0.274091 40.968928 0.228972
0.317820 41.073800 0.195921 40.981430 0.092370
0.318040 41.077200 0.167213 40.983156 0.094044
0.318220 41.019900 0.153489 40.984566 0.035334
0.318500 41.334500 0.327925 40.986748 0.347752
0.319010 41.141000 0.177674 40.990719 0.150281
0.319010 40.894100 0.203876 40.990719 -0.096619
0.320960 41.231500 0.207296 41.005858 0.225642
0.321040 40.954600 0.156373 41.006478 -0.051878
0.321180 41.192100 0.293444 41.007562 0.184538
0.322060 40.727100 0.199265 41.014367 -0.287267
0.322230 40.862800 0.158186 41.015680 -0.152880
0.322230 40.877400 0.138773 41.015680 -0.138280
0.322760 40.931600 0.211904 41.019770 -0.088170
0.324460 41.069900 0.126468 41.032855 0.037045
0.325480 41.227300 0.193265 41.040681 0.186619
0.325600 41.262500 0.255286 41.041601 0.220899
0.325800 41.163900 0.271274 41.043133 0.120767
0.325810 41.047800 0.141716 41.043209 0.004591
0.326320 41.050400 0.157201 41.047112 0.003288
0.328040 41.000200 0.171833 41.060241 -0.060041
0.328420 41.307900 0.308428 41.063134 0.244766
0.328480 41.351000 0.278699 41.063591 0.287409
0.328510 40.934000 0.295651 41.063819 -0.129819
0.328680 41.071600 0.150485 41.065113 0.006487
0.328680 41.100000 0.144172 41.065113 0.034887
0.328710 40.927600 0.222195 41.065341 -0.137741
0.329070 41.056600 0.165152 41.068078 -0.011478
0.329410 41.410900 0.310571 41.070660 0.340240
0.329520 41.239100 0.162498 41.071496 0.167604
0.329680 41.103100 0.114803 41.072704 0.030396
0.329950 40.844400 0.209813 41.074741 -0.230341
0.330470 41.230600 0.131607 41.078661 0.151939
0.330560 41.167400 0.214426 41.079339 0.088061
0.330630 41.168900 0.231090 41.079866 0.089034
0.330890 41.158600 0.239453 41.081823 0.076777
0.330900 40.996000 0.212048 41.081898 -0.085898
0.331030 41.009800 0.137116 41.082876 -0.073076
0.331470 41.030100 0.218692 41.086185 -0.056085
0.331470 41.233500 0.285481 41.086185 0.147315
0.331470 41.101200 0.166036 41.086185 0.015015
0.331890 41.014900 0.143999 41.089340 -0.074440
0.332370 40.977000 0.159233 41.092942 -0.115942
0.332980 41.329900 0.201675 41.097514 0.232386
0.333500 41.002500 0.141896 41.101406 -0.098906
0.333500 41.036600 0.176123 41.101406 -0.064806
0.334500 41.120400 0.235720 41.108879 0.011521
0.334980 41.025100 0.171864 41.112459 -0.087359
0.335100 41.024200 0.177927 41.113354 -0.089154
0.336710 41.036700 0.184240 41.125333 -0.088633
0.337490 41.167800 0.278653 41.131121 0.036679
0.337510 41.009800 0.237240 41.131269 -0.121469
0.337620 41.147700 0.176101 41.132084 0.015616
0.337780 41.153700 0.233862 41.133270 0.020430
0.338180 41.145000 0.211242 41.136232 0.008768
0.338480 41.113100 0.200412 41.138452 -0.025352
0.338970 41.055500 0.356511 41.142075 -0.086575
0.340610 41.173700 0.192422 41.154171 0.019529
0.340980 41.058700 0.194300 41.156891 -0.098191
0.341110 41.064100 0.255103 41.157842 -0.093742
0.341690 41.212200 0.321008 41.162081 0.050119
0.344460 41.308100 0.152468 41.182252 0.125848
0.344480 41.291400 0.299203 41.182397 0.109003
0.344870 41.233300 0.171671 41.185227 0.048073
0.345450 41.203300 0.230210 41.189431 0.013869
0.346020 41.331800 0.136683 41.193558 0.138242
0.346960 41.416300 0.370346 41.200352 0.215948
0.347170 41.117400 0.244272 41.201867 -0.084467
0.348810 41.372100 0.218415 41.213682 0.158418
0.349100 41.249900 0.158604 41.215767 0.034133
0.349120 41.282000 0.206036 41.215911 0.066089
0.349320 41.140600 0.157954 41.217348 -0.076748
0.349390 41.203300 0.168604 41.217851 -0.014551
0.349490 41.005000 0.226318 41.218569 -0.213569
0.349490 41.375600 0.171432 41.218569 0.157031
0.349490 41.152600 0.205831 41.218569 -0.065969
0.349680 41.487300 0.287684 41.219933 0.267367
0.350150 41.186700 0.147015 41.223305 -0.036605
0.350590 41.234200 0.163121 41.226458 0.007742
0.350990 41.253200 0.161378 41.229323 0.023877
0.351490 41.479800 0.209505 41.232900 0.246900
0.351490 41.334300 0.138963 41.232900 0.101400
0.353720 41.365700 0.191944 41.248749 0.116951
0.355190 41.464700 0.223042 41.259137 0.205563
0.357740 41.357400 0.291964 41.277079 0.080321
0.358000 41.353900 0.215252 41.278903 0.074997
0.358420 41.242300 0.215992 41.281847 -0.039547
0.358500 41.148400 0.288995 41.282408 -0.134008
0.359090 41.153200 0.305677 41.286539 -0.133339
0.359090 41.442900 0.171109 41.286539 0.156361
0.359460 41.421300 0.154470 41.289127 0.132173
0.360170 41.187000 0.191161 41.294088 -0.107088
0.360340 41.079100 0.230289 41.295274 -0.216174
0.360910 41.432800 0.197529 41.299250 0.133550
0.361470 41.115900 0.288022 41.303152 -0.187252
0.362800 41.245200 0.209997 41.312400 -0.067200
0.363250 41.364000 0.215101 41.315523 0.048477
0.364990 41.462600 0.291566 41.327521 0.135079
0.366230 41.136000 0.226225 41.336036 -0.200036
0.366560 41.232700 0.155657 41.338298 -0.105598
0.367130 41.208800 0.151911 41.342202 -0.133402
0.367900 41.262700 0.165575 41.347468 -0.084768
0.367990 41.469900 0.158375 41.348083 0.121817
0.368390 41.547900 0.336428 41.350816 0.197084
0.368570 41.463000 0.345551 41.352044 0.110956
0.369620 41.449800 0.244353 41.359203 0.090597
0.369870 41.218500 0.255045 41.360905 -0.142405
0.370230 41.379400 0.188778 41.363355 0.016045
0.370520 41.375900 0.163241 41.365327 0.010573
0.370530 41.383300 0.160025 41.365395 0.017905
0.370570 41.639500 0.256631 41.365667 0.273833
0.370620 41.273000 0.282407 41.366007 -0.093007
0.370620 41.069800 0.135854 41.366007 -0.296207
0.370950 41.409800 0.390520 41.368249 0.041551
0.371380 41.334000 0.168104 41.371169 -0.037169
0.371530 41.384200 0.116639 41.372187 0.012013
0.371530 41.428900 0.165418 41.372187 0.056713
0.373530 41.311400 0.133039 41.385729 -0.074329
0.374360 41.472200 0.234786 41.391333 0.080867
0.376760 41.415500 0.154710 41.407421 0.008079
0.378050 41.359800 0.223183 41.416025 -0.056225
0.378520 41.427100 0.182401 41.419154 0.007946
0.379910 41.295900 0.219919 41.428392 -0.132492
0.379970 41.415400 0.163795 41.428790 -0.013390
0.380610 41.461400 0.188044 41.433034 0.028366
0.380920 41.451100 0.201434 41.435088 0.016012
0.381290 41.454900 0.204130 41.437538 0.017362
0.381530 41.677500 0.218983 41.439127 0.238373
0.381850 41.561500 0.198898 41.441243 0.120257
0.382480 41.372600 0.265174 41.445406 -0.072806
0.382910 41.367800 0.206585 41.448244 -0.080444
0.384020 41.518200 0.201840 41.455561 0.062639
0.386000 41.521700 0.152114 41.468572 0.053128
0.386720 41.379100 0.270807 41.473279 -0.094179
0.387440 41.556700 0.273474 41.477966 0.078734
0.387810 41.630200 0.283892 41.480373 0.149827
0.388950 41.383000 0.199578 41.487776 -0.104776
0.389490 41.544000 0.192176 41.491277 0.052723
0.392550 41.474200 0.237288 41.511051 -0.036851
0.395100 41.467700 0.203648 41.527442 -0.059742
0.397060 41.259000 0.168535 41.539987 -0.280987
0.399440 41.711900 0.287820 41.555102 0.156798
0.400500 41.491800 0.158339 41.561802 -0.070002
0.402210 41.479500 0.199524 41.572584 -0.093084
0.402930 41.547800 0.290402 41.577113 -0.029313
0.403680 41.616000 0.213828 41.581825 0.034175
0.404630 41.674700 0.166047 41.587784 0.086916
0.404830 41.337300 0.202033 41.589038 -0.251738
0.405500 41.780700 0.135518 41.593233 0.187467
0.406460 41.691400 0.168815 41.599235 0.092165
0.408950 41.700200 0.240024 41.614755 0.085445
0.409200 41.740500 0.363654 41.616305 0.124195
0.409350 41.706100 0.274957 41.617233 0.088867
0.409490 41.678400 0.172193 41.618098 0.060302
0.410040 41.683600 0.279968 41.621495 0.062105
0.411230 41.662000 0.318089 41.628834 0.033166
0.411400 41.833500 0.242677 41.629881 0.203619
0.411610 41.813100 0.149106 41.631174 0.181926
0.412660 41.789300 0.330128 41.637633 0.151667
0.416570 41.729500 0.149208 41.661577 0.067923
0.418570 41.617400 0.202099 41.673762 -0.056362
0.419360 41.686300 0.192599 41.678563 0.007737
0.419390 41.460400 0.222640 41.678745 -0.218345
0.419600 41.866200 0.224621 41.680020 0.186180
0.419650 41.798100 0.235757 41.680324 0.117776
0.419950 41.439400 0.294415 41.682145 -0.242745
0.420360 41.834300 0.344188 41.684631 0.149669
0.420880 41.617800 0.176430 41.687769 -0.069969
0.420940 41.728000 0.250117 41.688130 0.039870
0.421950 41.533600 0.270821 41.694210 -0.160610
0.422470 41.648300 0.231707 41.697336 -0.049036
0.422490 41.679600 0.275449 41.697456 -0.017856
0.423480 41.595500 0.186465 41.703399 -0.107899
0.423600 41.840300 0.400817 41.704119 0.136181
0.423990 41.726400 0.134170 41.706457 0.019943
0.424590 41.748300 0.195831 41.710051 0.038249
0.425680 41.703900 0.195468 41.716571 -0.012671
0.426020 41.751700 0.175449 41.718602 0.033098
0.427000 41.813000 0.229539 41.724450 0.088550
0.427030 41.834800 0.198324 41.724629 0.110171
0.427930 42.275700 0.238610 41.729991 0.545709
0.428590 41.882500 0.403543 41.733918 0.148582
0.428950 41.644300 0.193398 41.736058 -0.091758
0.429030 41.826600 0.250757 41.736533 0.090067
0.429760 41.921900 0.198070 41.740868 0.181032
0.430200 41.835400 0.165783 41.743478 0.091922
0.434940 41.782800 0.183674 41.771379 0.011421
0.435460 41.583900 0.133650 41.774421 -0.190521
0.436830 42.005100 0.181800 41.782422 0.222678
0.437600 41.625300 0.166140 41.786912 -0.161612
0.437830 41.882000 0.356877 41.788252 0.093748
0.438900 41.467900 0.211194 41.794478 -0.326578
0.438910 41.668200 0.279961 41.794536 -0.126336
0.439350 41.826200 0.202784 41.797094 0.029106
0.440130 42.140100 0.441915 41.801622 0.338478
0.440670 41.636400 0.160177 41.804754 -0.168354
0.441490 41.682300 0.183572 41.809505 -0.127205
0.442450 41.852300 0.172891 41.815058 0.037242
0.442630 41.903900 0.139699 41.816099 0.087801
0.443610 41.793000 0.182219 41.821744 -0.028744
0.443910 41.806900 0.290347 41.823466 -0.016566
0.447640 41.855200 0.223954 41.844799 0.010401
0.448860 41.885300 0.221814 41.851748 0.033552
0.448910 41.987500 0.215648 41.852033 0.135467
0.450680 41.644600 0.157686 41.862091 -0.217491
0.451060 41.928100 0.213431 41.864247 0.063853
0.451620 41.589200 0.225346 41.867421 -0.278221
0.451620 41.992300 0.154715 41.867421 0.124879
0.451630 41.716200 0.305385 41.867478 -0.151278
0.452180 41.995900 0.320076 41.870592 0.125308
0.453280 41.795300 0.207786 41.876814 -0.081514
0.453460 41.886300 0.144110 41.877831 0.008469
0.454580 41.787300 0.209236 41.884152 -0.096852
0.454770 41.883900 0.284149 41.885217 -0.001317
0.458850 41.967900 0.252185 41.908026 0.059874
0.460640 42.002100 0.190943 41.917988 0.084112
0.461040 42.016200 0.230251 41.920210 0.095990
0.461640 41.983900 0.138441 41.923540 0.060360
0.466430 42.342400 0.396492 41.950005 0.392395
0.466540 42.048000 0.135922 41.950607 0.097393
0.468420 41.973300 0.206146 41.960892 0.012408
0.468870 41.763100 0.234035 41.963349 -0.200249
0.470420 42.215100 0.404516 41.971800 0.243300
0.470650 42.013500 0.180637 41.973053 0.040447
0.471630 41.979800 0.210913 41.978384 0.001416
0.472040 42.037400 0.256910 41.980612 0.056788
0.475650 41.938000 0.177112 42.000171 -0.062171
0.477860 42.226900 0.228278 42.012076 0.214824
0.479410 41.869500 0.203883 42.020372 -0.150872
0.479460 42.010700 0.198987 42.020639 -0.009939
0.479880 41.895600 0.237796 42.022883 -0.127283
0.480640 42.004100 0.160362 42.026941 -0.022841
0.480650 41.974800 0.139221 42.026994 -0.052194
0.481640 42.305500 0.210887 42.032273 0.273227
0.488880 42.084200 0.199732 42.070637 0.013563
0.492440 42.278300 0.335403 42.089261 0.189039
0.494990 42.082100 0.165011 42.102543 -0.020443
0.495660 42.145300 0.120919 42.106025 0.039275
0.495790 42.081700 0.153945 42.106700 -0.025000
0.497390 42.126800 0.225856 42.115000 0.011800
0.500670 42.257000 0.253816 42.131938 0.125062
0.500980 42.116500 0.283133 42.133528 -0.017028
0.502820 42.161000 0.218549 42.142954 0.018046
0.502850 42.070300 0.312874 42.143107 -0.072807
0.503060 42.148400 0.311282 42.144181 0.004219
0.503160 42.144400 0.228687 42.144693 -0.000293
0.505930 42.079000 0.166703 42.158829 -0.079829
0.506150 42.104300 0.151709 42.159950 -0.055650
0.507250 42.235800 0.180974 42.165547 0.070253
0.507390 42.241900 0.288822 42.166259 0.075641
0.508250 42.019300 0.184312 42.170628 -0.151328
0.510160 42.094500 0.144405 42.180313 -0.085813
0.510950 42.058300 0.239085 42.184311 -0.126011
0.511690 42.388500 0.227281 42.188044 0.200456
0.513870 42.256700 0.359660 42.198988 0.057712
0.514370 42.225900 0.196162 42.201494 0.024406
0.514690 42.325900 0.402924 42.203097 0.122803
0.517260 42.093200 0.190441 42.215943 -0.122743
0.518830 42.194900 0.250421 42.223769 -0.028869
0.518850 42.182400 0.209558 42.223868 -0.041468
0.519410 42.243800 0.315111 42.226656 0.017144
0.519680 42.290500 0.196455 42.227999 0.062501
0.522710 42.349600 0.273927 42.243038 0.106562
0.524000 42.177400 0.369236 42.249390 -0.071990
0.526200 42.170200 0.223271 42.260199 -0.089999
0.528590 42.085500 0.188829 42.271905 -0.186405
0.529370 42.291300 0.141023 42.275717 0.015583
0.530990 41.880200 0.234310 42.283623 -0.403423
0.531110 42.510900 0.289268 42.284208 0.226692
0.531240 42.525300 0.380930 42.284841 0.240459
0.532250 41.982100 0.221979 42.289760 -0.307660
0.532710 42.247200 0.294354 42.291998 -0.044798
0.533720 42.164900 0.273819 42.296907 -0.132007
0.534350 42.143300 0.225295 42.299960 -0.156660
0.535340 42.320500 0.204703 42.304738 0.015762
0.535720 42.213400 0.209507 42.306570 -0.093170
0.539420 42.333800 0.244476 42.324364 0.009436
0.540970 42.279100 0.233447 42.331793 -0.052693
0.541520 42.530000 0.242470 42.334425 0.195575
0.545450 42.563300 0.191404 42.353181 0.210119
0.548340 42.023500 0.363222 42.366847 -0.343347
0.548810 42.169500 0.378555 42.369065 -0.199565
0.550210 42.325300 0.195880 42.375663 -0.050363
0.550330 42.372800 0.208456 42.376228 -0.003428
0.550460 42.410400 0.376261 42.376840 0.033560
0.552670 42.193800 0.244151 42.387228 -0.193428
0.553750 42.490000 0.207133 42.392294 0.097706
0.553840 42.082700 0.177409 42.392716 -0.310016
0.557820 42.438900 0.195189 42.411303 0.027597
0.558820 42.733100 0.383300 42.415941 0.317159
0.558820 42.297500 0.356215 42.415941 -0.118441
0.561810 42.293700 0.227829 42.429776 -0.136076
0.562690 42.601600 0.265242 42.433838 0.167762
0.562830 42.429600 0.234712 42.434484 -0.004884
0.564370 42.392800 0.221111 42.441581 -0.048781
0.564370 42.488100 0.207587 42.441581 0.046519
0.564370 42.396900 0.296515 42.441581 -0.044681
0.564810 42.487300 0.192750 42.443606 0.043694
0.568790 42.240700 0.262337 42.461862 -0.221162
0.575420 42.191200 0.452867 42.491954 -0.300754
0.575770 42.591500 0.213158 42.493536 0.097964
0.576190 42.488700 0.202103 42.495434 -0.006734
0.576680 42.426300 0.166843 42.497646 -0.071346
0.577370 42.645000 0.290949 42.500760 0.144240
0.578300 42.417400 0.244850 42.504952 -0.087552
0.578310 42.451200 0.241176 42.504997 -0.053797
0.578820 42.427200 0.214391 42.507294 -0.080094
0.578910 42.531700 0.231686 42.507699 0.024001
0.579670 42.392300 0.231160 42.511116 -0.118816
0.580670 42.573000 0.262496 42.515590 0.057410
0.580800 42.706100 0.239821 42.516171 0.189929
0.583010 42.540800 0.168029 42.526037 0.014763
0.583300 42.797400 0.186201 42.527330 0.270070
0.583820 42.476500 0.198486 42.529647 -0.053147
0.583820 42.648900 0.184752 42.529647 0.119253
0.583900 42.419900 0.199369 42.530003 -0.110103
0.585820 42.707000 0.372970 42.538545 0.168455
0.587300 42.624100 0.203038 42.545117 0.078983
0.588790 42.502100 0.220032 42.551721 -0.049621
0.590290 42.515600 0.248253 42.558358 -0.042758
0.591790 42.450800 0.255828 42.564964 -0.114164
0.600670 42.611600 0.278838 42.603766 0.007834
0.601550 42.756200 0.394779 42.607590 0.148610
0.603280 42.750300 0.200100 42.615076 0.135224
0.606260 42.615800 0.275076 42.627910 -0.012110
0.608270 42.590400 0.228388 42.636542 -0.046142
0.608760 42.428200 0.350327 42.638643 -0.210443
0.608780 42.617900 0.230751 42.638729 -0.020829
0.609810 42.687600 0.321483 42.643142 0.044458
0.610710 42.668600 0.184238 42.646994 0.021606
0.611270 42.904900 0.247686 42.649389 0.255511
0.611770 42.701000 0.164440 42.651526 0.049474
0.615770 42.708500 0.347272 42.668538 0.039962
0.618750 42.716400 0.388756 42.681134 0.035266
0.619410 42.694800 0.275300 42.683918 0.010882
0.619830 42.755700 0.154862 42.685689 0.070011
0.620700 42.698800 0.268136 42.689355 0.009445
0.621830 42.589400 0.275623 42.694110 -0.104710
0.625250 42.657700 0.215148 42.708462 -0.050762
0.627250 42.585000 0.244041 42.716794 -0.131794
0.630770 42.663200 0.202856 42.731415 -0.068215
0.631830 42.311100 0.326950 42.735807 -0.424707
0.632250 42.849300 0.323662 42.737546 0.111754
0.633990 42.597200 0.147609 42.744742 -0.147542
0.637770 42.529800 0.442879 42.760300 -0.230500
0.637940 42.863700 0.310820 42.760996 0.102704
0.638240 42.659400 0.367516 42.762225 -0.102825
0.638730 42.780400 0.261646 42.764230 0.016170
0.639340 42.790000 0.171844 42.766725 0.023275
0.641850 42.847600 0.256941 42.776975 0.070625
0.643110 42.360900 0.407842 42.782110 -0.421210
0.643710 42.799200 0.309841 42.784552 0.014648
0.643710 42.803400 0.316528 42.784552 0.018848
0.647700 42.819000 0.288435 42.800758 0.018242
0.648520 43.039700 0.272369 42.804065 0.235635
0.648700 42.733500 0.310678 42.804791 -0.071291
0.649620 42.780500 0.149571 42.808497 -0.027997
0.662130 42.979300 0.279772 42.858487 0.120813
0.664700 42.869800 0.233989 42.868643 0.001157
0.670720 43.067700 0.274795 42.892323 0.175377
0.677730 43.225100 0.311797 42.919599 0.305501
0.681900 42.837600 0.239367 42.935733 -0.098133
0.683720 43.171600 0.407734 42.942723 0.228877
0.685190 43.016600 0.366173 42.948360 0.068240
0.688720 42.813700 0.226508 42.961862 -0.148162
0.689350 42.853500 0.156770 42.964267 -0.110767
0.689360 43.044400 0.271991 42.964306 0.080094
0.690720 42.914300 0.425857 42.969492 -0.055192
0.693180 42.916200 0.318024 42.978856 -0.062656
0.697180 42.969200 0.212738 42.993967 -0.024767
0.698180 42.967100 0.342807 42.997736 -0.030636
0.699180 42.940200 0.338462 43.001501 -0.061301
0.699180 43.069100 0.215345 43.001501 0.067599
0.699320 43.110700 0.155898 43.002028 0.108672
0.699920 43.114700 0.295380 43.004285 0.110415
0.700700 42.917000 0.223194 43.007217 -0.090217
0.701170 43.096800 0.261582 43.008983 0.087817
0.701920 42.896200 0.462713 43.011799 -0.115599
0.701920 43.043300 0.252753 43.011799 0.031501
0.715710 42.994400 0.245932 43.063038 -0.068638
0.718740 42.873900 0.188430 43.074153 -0.200253
0.719680 43.163800 0.204549 43.077593 0.086207
0.719690 42.970000 0.342226 43.077630 -0.107630
0.720150 43.161200 0.243162 43.079313 0.081887
0.720740 43.045900 0.305174 43.081470 -0.035570
0.726740 43.081100 0.248363 43.103341 -0.022241
0.727740 43.008000 0.257091 43.106967 -0.098967
0.728660 43.005000 0.283498 43.110292 -0.105292
0.730140 42.918600 0.321961 43.115635 -0.197035
0.731610 43.179900 0.196424 43.120935 0.058965
0.733680 42.984500 0.195902 43.128386 -0.143886
0.733950 43.220000 0.388289 43.129357 0.090643
0.734950 43.253700 0.224615 43.132951 0.120749
0.735680 43.180700 0.257110 43.135573 0.045127
0.735960 43.167500 0.425639 43.136578 0.030922
0.736750 42.992000 0.214890 43.139412 -0.147412
0.741960 43.481300 0.325140 43.158002 0.323298
0.742760 43.082500 0.327179 43.160844 -0.078344
0.745730 43.167500 0.195179 43.171378 -0.003878
0.746070 42.981700 0.254740 43.172582 -0.190882
0.749110 42.939600 0.262488 43.183333 -0.243733
0.749300 43.177200 0.163225 43.184004 -0.006804
0.750740 42.901200 0.318716 43.189074 -0.287874
0.758990 43.246900 0.233153 43.217938 0.028962
0.760760 43.066700 0.201161 43.224103 -0.157403
0.761100 43.176700 0.236628 43.225286 -0.048586
0.761650 43.131000 0.239872 43.227196 -0.096196
0.765660 43.236900 0.225434 43.241058 -0.004158
0.766660 43.422400 0.250162 43.244508 0.177892
0.766740 43.362300 0.270250 43.244783 0.117517
0.767090 43.558700 0.257150 43.245990 0.312710
0.768650 43.292900 0.311675 43.251363 0.041537
0.769320 43.216800 0.162741 43.253669 -0.036869
0.773090 43.356800 0.295081 43.266612 0.090188
0.779290 43.039500 0.311092 43.287727 -0.248227
0.788070 43.304200 0.232049 43.317382 -0.013182
0.789070 43.383700 0.271177 43.320738 0.062962
0.789280 43.199500 0.165559 43.321442 -0.121942
0.796620 42.902600 0.372096 43.345969 -0.443369
0.798630 43.433800 0.288144 43.352636 0.081164
0.839810 43.360000 0.211845 43.486000 -0.126000
0.839810 43.201200 0.390423 43.486000 -0.284800
0.854820 43.616800 0.299913 43.533054 0.083746
0.935850 43.533100 0.239939 43.774178 -0.241078
0.974230 44.111100 0.201519 43.881462 0.229638
1.012420 44.117700 0.367085 43.984242 0.133458
1.019880 44.275700 0.225903 44.003873 0.271827
1.020880 43.970600 0.475470 44.006498 -0.035898
1.027890 44.536400 0.353385 44.024800 0.511600
1.048170 44.422900 0.488758 44.077097 0.345803
1.120920 44.440500 0.223630 44.256917 0.183583
1.232250 44.320700 0.610496 44.511147 -0.190447
1.235970 44.905000 0.273735 44.519250 0.385750
1.299110 44.864100 0.275291 44.653195 0.210905
1.304100 44.720600 0.316517 44.663507 0.057093
1.306110 45.019700 0.445162 44.667653 0.352047
1.313170 44.786700 0.316349 44.682146 0.104554
1.329100 44.874500 0.238344 44.714588 0.159912
1.341010 44.754100 0.306395 44.738589 0.015511
1.351360 44.549200 0.318460 44.759272 -0.210072
1.356080 44.809400 0.238282 44.768648 0.040752
1.391030 44.794400 0.374345 44.837123 -0.042723
1.416330 44.457900 0.735776 44.885635 -0.427735
1.542900 45.090200 0.371014 45.116068 -0.025868
1.549010 45.293000 0.233771 45.126707 0.166293
1.615050 45.159500 0.333024 45.239114 -0.079614
1.697060 45.286300 0.380480 45.372446 -0.086146
1.801190 45.486500 0.281981 45.532692 -0.046192
1.911650 45.423300 0.358642 45.692758 -0.269458
2.261370 46.182800 0.281309 46.143727 0.039073
