69.000000
69.000000
68.600000
83.000000
78.000000
78.000000
72.900000
77.000000
88.800000
85.500000
86.200000
95.000000
79.900000
90.400000
96.300000
89.000000
83.800000
97.000000
107.000000
95.000000
98.800000
96.500000
124.500000
90.000000
117.000000
133.500000
168.000000
160.000000
177.000000
140.000000
202.000000
186.500000
79.690000
83.800000
86.450000
82.600000
87.900000
97.300000
81.700000
82.700000
96.800000
78.170000
79.930000
82.040000
84.810000
87.790000
94.350000
93.330000
98.480000
98.820000
81.500000
90.400000
97.300000
113.720000
131.440000
148.110000
172.630000
224.000000
222.000000
226.000000
97.147599
101.501824
113.990863
147.478772
115.535000
143.775000
159.020000
68.000000
73.900000
71.600000
75.000000
75.000000
83.000000
104.000000
92.000000
105.000000
125.000000
