19.600000
12.000000
26.200000
8.000000
6.200000
6.900000
29.600000
14.000000
36.600000
15.700000
14.600000
17.000000
11.400000
12.800000
14.400000
49.600000
10.200000
62.000000
15.500000
10.500000
33.600000
12.500000
17.400000
40.000000
23.000000
17.600000
17.000000
33.800000
18.000000
14.000000
40.000000
50.600000
2.990000
3.660000
3.970000
7.800000
6.100000
7.000000
6.220000
9.100000
3.400000
4.740000
3.390000
2.030000
1.830000
2.030000
2.650000
2.320000
3.190000
2.990000
1.900000
1.900000
2.100000
14.630000
12.420000
12.710000
14.790000
8.000000
7.000000
8.000000
2.824597
3.083472
2.231365
4.481989
1.264000
2.241000
6.402000
7.000000
3.000000
3.600000
4.000000
5.000000
14.000000
13.000000
8.000000
12.000000
17.000000
1.900000
1.780000
