0.070000
0.090000
0.120000
0.170000
0.179100
0.199300
0.200000
0.270000
0.280000
0.351900
0.380200
0.400000
0.400400
0.424700
0.449700
0.470000
0.478300
0.480000
0.592900
0.679700
0.750000
0.781200
0.875400
0.880000
0.900000
1.037000
1.300000
1.363000
1.430000
1.530000
1.750000
1.965000
0.240000
0.340000
0.430000
0.440000
0.600000
0.730000
0.300000
0.350000
0.570000
0.310000
0.360000
0.400000
0.440000
0.480000
0.520000
0.560000
0.590000
0.640000
0.380000
0.510000
0.610000
0.978000
1.230000
1.526000
1.944000
2.330000
2.340000
2.360000
0.510000
0.706000
0.930000
1.317000
0.934000
1.321000
1.484000
0.000000
0.000000
0.000000
0.179000
0.199000
0.352000
0.593000
0.680000
0.781000
0.875000
0.380000
0.706000
